30
459100 PUSH 16 640519
324154 PUSH 37 57419
597809 POP 13 801518
111452 PUSH 74 131250
408200 POP 73 161446
845304 PUSH 10 871747
640519 PUSH 52 324154
541891 PUSH 73 408200
477322 POP 90 862957
871747 PUSH 0 111452
192053 PUSH 65 480088
637892 PUSH 66 727901
348822 POP 95 210683
540888 POP 32 541891
318475 POP 32 845304
721145 POP 10 597809
798888 PUSH 95 348822
229438 PUSH 32 318475
57419 PUSH 71 637892
131250 POP 74 192053
68459 POP 81 831974
862957 PUSH 79 798888
665032 PUSH 81 68459
879667 PUSH 13 229438
210683 POP 79 879667
161446 PUSH 90 477322
831974 POP 0 721145
801518 PUSH 59 459100
919821 PUSH 32 540888
480088 POP 65 665032
