29
349037 PUSH 85 935240
597761 POP 95 130489
925987 POP 85 890321
130489 POP 69 904038
939475 PUSH 43 349037
934810 POP 83 955690
528508 PUSH 95 630965
144432 PUSH 81 528508
614994 PUSH 31 612536
904038 PUSH 31 727285
44793 PUSH 91 52673
386066 POP 7 432634
52673 PUSH 95 467999
935240 PUSH 74 856930
727285 PUSH 7 939475
719768 POP 43 386066
467999 PUSH 83 53523
630965 PUSH 91 925987
917007 POP 76 719768
386121 POP 43 917007
439526 POP 80 386121
856930 PUSH 7 614994
561781 PUSH 55 697090
940306 POP 83 597761
955690 POP 46 940306
890321 POP 95 934810
612536 POP 31 439526
432634 POP 31 561781
53523 PUSH 46 144432