100
111423 POP 55172 928026
639027 PUSH 91342 477328
185589 POP 18145 502117
87212 POP 51403 530389
699263 POP 67300 920040
963052 POP 20709 612659
814702 PUSH 44476 571793
795621 PUSH 56213 87212
987790 PUSH 55857 263530
571793 PUSH 32094 757415
578722 PUSH 18145 921850
40049 PUSH 17424 598423
477328 PUSH 18780 514832
629809 PUSH 56339 273450
573885 PUSH 92205 545157
131832 POP 35375 40049
744006 POP 8980 853824
530389 POP 94402 792402
280045 PUSH 11978 730272
370462 POP 18780 233184
685991 PUSH 4378 725757
234150 POP 3924 660813
585587 POP 52588 795621
725516 POP 26832 525443
208438 PUSH 22329 10293
124081 PUSH 31452 849938
954040 PUSH 51403 809664
102787 PUSH 48142 142395
909650 PUSH 87892 725516
825614 POP 7532 86720
466410 POP 52401 629809
428927 POP 28159 72386
660813 PUSH 17727 458490
587542 PUSH 92312 987790
730272 PUSH 64020 208438
492307 POP 7641 724970
381330 POP 49731 634688
869421 POP 48459 456801
124252 PUSH 3924 234150
86720 PUSH 47123 734968
430040 POP 72879 628569
72153 POP 61185 381330
734968 PUSH 7641 820277
232325 PUSH 34141 428927
634688 POP 4378 814702
264239 PUSH 28354 938700
142395 PUSH 80945 370462
323620 PUSH 29976 578722
34667 PUSH 52401 417548
938700 PUSH 71608 102787
612659 PUSH 26832 909650
820277 POP 95426 323620
536164 PUSH 32403 670638
628569 PUSH 52588 166125
853824 POP 17424 685991
710596 PUSH 55172 969439
979562 POP 49727 387443
164380 POP 82341 536164
456801 PUSH 19719 710596
575937 POP 32094 825614
514601 PUSH 28159 232325
792402 PUSH 20709 699263
395649 PUSH 48459 492307
514832 POP 42714 979562
144249 POP 92205 72336
166125 POP 37237 123934
920040 POP 56213 963052
461675 PUSH 37237 869421
921850 POP 47123 395649
691957 PUSH 49848 639027
814416 POP 29976 185589
260216 PUSH 49727 34667
390472 PUSH 35375 996337
928026 PUSH 67300 585587
417548 POP 32403 691957
387443 PUSH 29950 466410
72336 POP 97030 124081
502117 PUSH 72879 461675
849938 POP 31452 801163
525443 POP 87892 573885
273450 POP 49848 587542
740907 PUSH 49731 744006
670638 PUSH 42714 260216
969439 POP 16350 430040
72386 POP 34141 124252
809664 PUSH 94402 111423
545157 PUSH 97030 144249
123934 POP 19719 954040
70973 PUSH 7532 794450
458490 POP 17727 390472
509116 POP 44476 70973
724970 PUSH 16350 814416
598423 PUSH 61185 740907
725757 PUSH 17612 72153
801163 PUSH 82341 164380
794450 PUSH 95426 575937
263530 POP 91342 280045
10293 PUSH 41705 264239
996337 PUSH 8980 131832
757415 POP 17612 509116
