100
804700 PUSH 24783 900008
900008 PUSH 42715 957090
835229 PUSH 7467 934547
716279 PUSH 32555 908466
994562 PUSH 9352 121535
931487 POP 42715 261713
519666 POP 87053 112804
212053 PUSH 9352 423325
812215 POP 40061 658189
918142 PUSH 42715 250802
158871 PUSH 95794 607905
907919 POP 70325 653560
593577 PUSH 94746 180383
653560 POP 65668 948947
882935 POP 27952 85345
342302 PUSH 52503 858088
747304 PUSH 62068 994562
581812 POP 65869 882935
199781 PUSH 27952 470982
568664 POP 74918 377389
783439 POP 62068 368629
774472 POP 64025 581812
71262 PUSH 82233 320455
26802 PUSH 64025 620233
286390 POP 56126 769229
902402 PUSH 62912 750004
437604 PUSH 64025 795232
136144 POP 55559 780462
658189 POP 51058 845384
996378 POP 15578 602831
684897 POP 60478 890471
320455 PUSH 84293 950693
619621 POP 64025 907919
123335 PUSH 51058 212053
71858 POP 81080 812215
780235 PUSH 39317 835229
123610 POP 65869 619621
934547 PUSH 24349 733807
628259 PUSH 77973 666194
112804 POP 53134 109037
703162 PUSH 53835 835285
474251 PUSH 55559 804700
458560 POP 9352 729461
620233 PUSH 70325 563726
563726 PUSH 31681 122481
423325 PUSH 33104 780235
950693 POP 4477 902402
780462 POP 66409 761692
202229 POP 76542 931487
578756 POP 76542 227509
724909 POP 7467 568664
227509 POP 93373 684897
470982 PUSH 65869 26802
250802 PUSH 76343 628259
957090 PUSH 76542 901186
761692 POP 42715 578756
309298 POP 75240 202229
922636 PUSH 53835 123335
948905 POP 13274 717982
649253 POP 55559 948905
122481 PUSH 95090 300310
402801 PUSH 64690 158871
404211 PUSH 60478 342302
214855 PUSH 81080 922636
602831 POP 34803 743815
769229 POP 70325 774472
430964 POP 60478 309298
85345 POP 34803 71858
901186 PUSH 82653 404211
717982 PUSH 57171 71262
634357 POP 33605 136144
858088 PUSH 71272 593577
835285 PUSH 81080 97099
733807 PUSH 53134 488719
729461 POP 51058 579892
11161 PUSH 13274 474251
419483 PUSH 27952 507313
750004 PUSH 73911 647579
180383 PUSH 75240 467878
488719 PUSH 7467 352906
890471 POP 71272 607386
607905 PUSH 70325 437604
109037 POP 53134 724909
845384 POP 9352 783439
121535 PUSH 51058 703162
300310 POP 64690 286390
607386 POP 71272 430964
467878 PUSH 34915 918142
795232 PUSH 65869 419483
97099 PUSH 46405 199781
948947 POP 64690 716279
352906 PUSH 74918 747304
261713 POP 76343 649253
908466 POP 75932 11161
368629 POP 74918 519666
507313 PUSH 59339 214855
579892 POP 18701 996378
743815 POP 27952 123610
377389 POP 62068 458560
666194 PUSH 13274 634357
