1000
484409 PUSH 58188 149479
694370 POP 33096 945321
189183 POP 20463 201910
36864 PUSH 74810 674938
779811 POP 54693 182134
125875 POP 99487 396186
771301 PUSH 85115 847771
841112 POP 79320 692565
588605 PUSH 57158 521220
499874 POP 8236 964352
554931 POP 89574 296823
781918 POP 76335 282541
238328 POP 17195 175317
619676 POP 89303 507898
232134 PUSH 10439 404972
424013 PUSH 69399 514402
954391 POP 5714 220451
115256 POP 13436 413126
433076 POP 45298 84410
275921 POP 21207 136081
478257 POP 74214 99487
179713 POP 97929 28420
312204 POP 96959 15762
160139 PUSH 15524 982064
390923 POP 82636 936819
87011 POP 82313 518761
501055 POP 96310 291725
875742 PUSH 46404 530409
40303 PUSH 67283 784209
313830 POP 62623 811711
395113 POP 33341 675185
778447 PUSH 15882 201749
542647 POP 75754 872172
584963 POP 27803 612499
427275 POP 8035 478590
487501 PUSH 42982 207086
717235 POP 28142 993524
606871 POP 47949 909991
278138 PUSH 4077 587900
47917 PUSH 88482 173886
253680 POP 6758 586817
88506 POP 42978 89374
156355 POP 26345 190978
951612 POP 14587 1048
668119 POP 73860 990741
484647 POP 94444 599864
945972 PUSH 87077 400908
496561 PUSH 76683 289458
390071 POP 70531 629829
772943 POP 53718 427062
200498 POP 70263 426799
352983 PUSH 2800 368608
585593 POP 34020 945972
171208 POP 40832 645616
51123 PUSH 26012 786829
86074 PUSH 96625 105222
550519 POP 7122 511384
164730 PUSH 76002 192800
717767 PUSH 75754 542647
210128 PUSH 2214 687328
264841 PUSH 78535 809997
495971 PUSH 64831 872181
713709 PUSH 35995 500718
86958 PUSH 4882 310818
63502 PUSH 60523 586666
410924 POP 43765 60617
432305 POP 21849 171208
789567 POP 5458 550519
101610 PUSH 5739 499653
894303 POP 51930 201681
933269 PUSH 56083 337951
777809 POP 85825 853665
539633 PUSH 87053 196749
219588 PUSH 54648 86074
368026 PUSH 45298 600422
667117 POP 92989 481290
173886 POP 88482 339822
486368 POP 72989 40303
258490 PUSH 6536 701548
137756 PUSH 33235 363530
714914 PUSH 38064 726595
11320 POP 95407 363314
209145 PUSH 27679 539633
284862 PUSH 84069 511333
320381 PUSH 54387 215683
595100 POP 52747 531851
497289 PUSH 19468 336991
111221 POP 84973 466410
338888 PUSH 14587 902280
28883 PUSH 88893 258490
218500 POP 50420 253367
335872 POP 84281 714914
164212 POP 51978 436467
756649 POP 94867 912664
843597 PUSH 51991 278138
33453 POP 91762 710717
755230 POP 78479 970181
655804 PUSH 12197 476727
618152 PUSH 29603 734497
86785 PUSH 34509 279390
154506 POP 20770 539463
506925 POP 83873 547178
964352 POP 88006 933269
597353 POP 99193 701627
8740 PUSH 83217 999484
379684 POP 24556 154215
840569 POP 37669 925106
475432 PUSH 23524 523504
579655 POP 38027 954391
638643 PUSH 17403 857145
647655 POP 49341 499874
480447 PUSH 2562 60764
709433 POP 87065 69117
335922 PUSH 38027 917931
96888 PUSH 42136 47917
220370 PUSH 7420 657100
386204 PUSH 91660 548036
102111 POP 49549 989792
722302 PUSH 36539 691282
504611 PUSH 96353 662983
249160 PUSH 31522 688809
482542 POP 48261 481655
372553 POP 10439 428371
296572 PUSH 6208 637532
762092 PUSH 83305 51123
528020 PUSH 21680 795759
858756 POP 23454 28683
34248 POP 92290 223448
972804 PUSH 26345 713201
634538 PUSH 49883 484145
478590 PUSH 43765 410924
947603 POP 43096 782452
935203 POP 39740 171875
531851 PUSH 37157 94439
780140 POP 73052 588605
849553 POP 33443 242564
433766 POP 87243 420543
229610 PUSH 82568 184904
634185 POP 84314 912701
618804 PUSH 61052 491449
863006 POP 78397 864457
174111 PUSH 57470 79093
321336 POP 38873 525055
283257 POP 47544 774040
898421 PUSH 53177 533973
748667 POP 88424 566388
485287 POP 53953 959223
734151 POP 56292 735489
861985 PUSH 76851 278136
330301 PUSH 69329 432392
190978 PUSH 15177 753559
816232 PUSH 43096 947603
530840 POP 15524 393444
593435 POP 23458 498092
66064 POP 12418 67497
774040 POP 15882 682595
207618 POP 88893 140360
771489 PUSH 53671 419227
562248 PUSH 95296 210128
318052 PUSH 7554 613330
600346 POP 18163 546816
538262 PUSH 93060 981497
419227 POP 53671 554931
657100 PUSH 2237 111713
662262 POP 83305 5365
879789 PUSH 20345 59313
181055 POP 70578 530840
392647 POP 47350 732049
619314 PUSH 13436 115256
387552 POP 71601 708288
836880 PUSH 1254 282276
440198 PUSH 10467 429693
510594 POP 51116 157729
850403 POP 23434 116980
592457 PUSH 34092 487609
295273 POP 46756 753167
675185 PUSH 93302 555208
157076 POP 76109 841112
245504 PUSH 73860 343516
485030 POP 42090 320381
914231 PUSH 72021 854828
630025 PUSH 70263 200498
546816 PUSH 96959 312204
374716 PUSH 80885 374411
552404 POP 74762 563050
698766 POP 71368 417087
967267 PUSH 33096 694370
32267 POP 68031 455335
424067 POP 61380 959339
573245 POP 54510 750251
562087 PUSH 3435 638643
288387 PUSH 32142 631897
975970 POP 41779 501055
95061 PUSH 65455 799004
196749 POP 87053 504611
442782 PUSH 33599 95371
441798 POP 43898 90657
829328 PUSH 78479 755230
575833 PUSH 35720 207956
672280 POP 81141 748693
631897 POP 32142 79456
473149 PUSH 52902 469585
396186 POP 82582 915302
269140 PUSH 63702 277099
794077 POP 49914 162683
89528 POP 68188 440787
385478 PUSH 27695 984735
278136 POP 76851 392612
639779 PUSH 33443 849553
60764 PUSH 4033 814721
613534 PUSH 70466 116753
171336 PUSH 38873 201066
725026 POP 96542 359929
400037 PUSH 84757 523763
904173 POP 11518 251713
950014 PUSH 92983 637539
330399 POP 94101 36864
282541 POP 46404 441798
487609 PUSH 96485 245504
992626 POP 14911 914231
980990 PUSH 64752 716872
290074 PUSH 93810 516763
828215 POP 37377 265146
335426 POP 80757 569923
877564 PUSH 33799 525957
311551 POP 37334 749970
530409 PUSH 76335 463282
401216 PUSH 3907 765242
549936 PUSH 81141 672280
649935 PUSH 17189 670045
289188 PUSH 37334 276378
324245 POP 30060 365116
476445 PUSH 51116 866952
440617 POP 30378 105822
981497 PUSH 7122 414973
695395 PUSH 94974 533588
594587 PUSH 12588 445612
533588 POP 94974 734151
369393 POP 79444 852077
599429 PUSH 20195 353688
355595 PUSH 34020 585593
675746 PUSH 84314 219588
467112 PUSH 56299 415904
500718 POP 35995 207618
979568 POP 94433 355595
278140 PUSH 14623 242541
427062 PUSH 43674 316372
523894 PUSH 65627 299163
786829 POP 26012 662262
614801 PUSH 61963 535000
889764 PUSH 23167 814989
909991 PUSH 33462 972223
305612 PUSH 84281 335872
782124 PUSH 89574 771489
908519 PUSH 8035 427275
89947 POP 40547 707516
428210 PUSH 15760 762092
846443 PUSH 96169 978400
882579 PUSH 28803 637722
476727 POP 12197 219401
20959 POP 63104 929360
464200 POP 12802 652873
854837 PUSH 79256 588717
428371 POP 47832 312703
279390 POP 34509 42600
875831 POP 15623 20752
539564 POP 49865 592457
267922 PUSH 13529 793160
386476 PUSH 80374 621859
422817 PUSH 51978 164212
959223 PUSH 1070 896217
359137 PUSH 3869 621319
865819 PUSH 77601 335219
339 POP 60802 487501
511384 POP 93060 14948
363530 PUSH 87262 113630
558550 PUSH 69487 373068
642771 PUSH 55003 920517
10010 PUSH 20463 663369
472553 POP 77550 703092
895950 PUSH 36162 380831
321487 POP 92733 369393
903944 PUSH 99864 584834
748693 PUSH 30378 440617
412374 PUSH 43298 614775
114367 PUSH 34630 833858
459208 PUSH 55127 193088
194559 PUSH 93195 63502
373788 PUSH 91415 577316
645616 POP 27706 160139
86326 POP 97385 54129
27671 POP 22180 828215
23346 PUSH 42566 627972
7313 PUSH 17195 238328
219401 PUSH 76471 618804
710944 POP 67331 377575
687328 PUSH 97929 179713
136081 PUSH 47832 278140
828767 PUSH 7253 637335
349813 POP 98231 451480
521220 POP 57158 96888
409162 PUSH 40339 673131
94439 PUSH 80185 599429
993380 PUSH 48700 997354
970181 POP 90692 558550
191776 POP 90639 770862
716685 POP 292 238978
865409 POP 49257 373788
471065 POP 61989 795314
147068 PUSH 93987 385478
272265 POP 55543 345894
367715 PUSH 62623 313830
417087 PUSH 23458 664714
505723 PUSH 30741 861985
629829 POP 21070 116544
477697 PUSH 23891 874
497442 POP 67164 210797
285645 PUSH 98402 619314
687020 PUSH 20770 154506
88319 POP 57555 56436
236745 PUSH 60802 682584
54129 POP 2214 10010
763133 POP 12279 722302
750251 POP 8052 779242
644744 PUSH 97162 747020
312306 PUSH 51188 538262
452860 POP 83159 759963
587378 PUSH 58100 40800
523763 POP 84757 579655
709420 POP 72373 508841
455335 POP 58484 627327
111561 POP 98847 888820
799004 PUSH 5860 84029
846274 PUSH 69010 673547
784209 PUSH 19762 794355
757297 PUSH 55352 662720
511333 PUSH 27453 709817
50774 PUSH 68031 32267
14948 PUSH 13774 80561
95593 PUSH 68188 523894
329832 POP 41666 479712
214839 POP 4077 50437
253367 POP 93307 253863
600422 PUSH 71726 305612
296823 POP 62437 903129
912664 PUSH 66207 556279
893904 PUSH 12418 66064
828990 POP 39799 717235
152504 PUSH 33708 903944
118119 POP 22307 795120
900204 POP 58401 361087
10285 POP 41701 37646
944273 POP 11087 878
110947 PUSH 72185 583838
577529 PUSH 98795 638912
769660 PUSH 73107 429670
471688 POP 76903 828767
200079 PUSH 95407 511041
566388 POP 72964 574354
95371 PUSH 3101 457156
518761 PUSH 68212 882982
732049 PUSH 46756 295273
140208 PUSH 2587 477697
136163 PUSH 88874 815724
623629 PUSH 60096 989504
277099 POP 63702 805376
670045 POP 17189 394119
426495 POP 39974 214839
124101 PUSH 35768 310920
610709 PUSH 10196 87547
291725 PUSH 11468 898395
929360 PUSH 35298 896272
845287 POP 14641 564083
16982 PUSH 28369 766878
568156 POP 54365 150580
955044 PUSH 87243 433766
844162 PUSH 90315 86785
335930 POP 95532 292519
192800 POP 76002 879789
962267 PUSH 15623 875831
933989 POP 58100 541884
491449 PUSH 66554 55704
977244 PUSH 75979 776535
267 POP 6330 267922
878378 PUSH 95729 347809
15762 PUSH 26623 569918
834583 POP 56884 990441
28420 PUSH 82176 858641
469585 PUSH 7830 157414
676913 PUSH 91762 80325
742713 PUSH 46256 924417
620537 PUSH 88270 212059
716872 POP 64752 951612
567986 PUSH 93480 956927
131795 PUSH 20796 267341
35809 PUSH 6713 776642
795759 POP 21680 904173
201910 PUSH 9515 259395
110438 PUSH 21900 966250
231555 PUSH 97143 744612
705292 PUSH 40547 89947
162683 POP 57795 795647
429670 POP 73107 209227
426799 PUSH 78151 562248
839381 PUSH 45228 428210
371489 POP 50675 589058
386520 PUSH 70509 639779
541884 PUSH 6750 908405
363314 POP 6750 413596
421098 POP 3959 123111
148012 PUSH 65873 207383
484145 POP 49883 714648
650074 PUSH 2940 301640
811711 POP 27740 969385
483666 POP 98795 181055
392086 PUSH 66905 847060
237569 PUSH 46577 779126
313219 POP 55988 608266
357941 PUSH 62437 782124
782452 PUSH 95532 561279
556279 POP 66207 972804
56487 POP 18241 619676
205241 POP 72451 871867
753559 PUSH 68448 307869
814989 POP 23167 898421
466498 POP 2237 972203
612499 POP 89799 483666
682595 POP 83873 741634
342922 POP 28388 506925
335876 PUSH 57555 88319
82813 PUSH 8024 935435
424269 PUSH 94867 769660
48462 PUSH 77972 769499
652989 POP 15923 642771
409457 POP 12937 357941
589058 PUSH 29642 748634
984431 POP 92869 412374
535000 POP 61963 82813
160698 PUSH 83159 977244
878156 POP 2562 111221
392612 POP 30741 771576
510528 POP 46256 751896
429693 POP 10467 974487
908405 PUSH 10749 467112
972223 PUSH 53200 889475
606922 POP 633 253680
776535 POP 75979 452860
906121 POP 22646 209145
637335 PUSH 72821 140208
580776 POP 53301 13075
342477 POP 83255 240823
89374 PUSH 29496 664254
335219 PUSH 49549 102111
316372 POP 43674 400037
982064 PUSH 43372 345898
941744 PUSH 74254 639429
307869 PUSH 89969 757297
548036 POP 91660 336569
899037 PUSH 12279 763133
413596 POP 33588 844162
597852 POP 50376 239357
292519 POP 74933 476445
713353 POP 16475 395113
317997 POP 19739 311551
182134 POP 80374 312306
105222 POP 96625 528826
598425 PUSH 89679 95061
924417 PUSH 55543 272265
518803 PUSH 77961 842726
303445 PUSH 39799 350921
362664 POP 78535 417540
639992 PUSH 42090 485030
201066 PUSH 49257 865409
239357 PUSH 14911 992626
172219 POP 20345 702152
135767 POP 93480 717767
555991 POP 93195 441886
125706 PUSH 35841 556468
116544 PUSH 50177 34417
337951 PUSH 41311 368026
463282 PUSH 40855 220370
376753 PUSH 97952 121640
639429 POP 74254 229610
584834 POP 99864 469838
47387 PUSH 61380 424067
508841 PUSH 54900 855618
881367 POP 53100 761552
313248 POP 65777 203608
915217 PUSH 93307 675746
903129 POP 1070 829328
993524 POP 29603 527691
847771 POP 85115 324245
404972 PUSH 32067 813749
925106 PUSH 22101 339078
734497 PUSH 28142 414051
574354 PUSH 46216 264841
791023 POP 63527 694068
262511 PUSH 28710 634538
616083 PUSH 8236 23346
414051 PUSH 93720 825668
509657 POP 76471 140064
279627 POP 95729 56487
295085 PUSH 63655 899037
969777 PUSH 82741 240449
456605 POP 6763 113192
871867 PUSH 15674 837860
309162 PUSH 96735 633059
769499 POP 77972 858756
868377 POP 17363 980990
511041 PUSH 93949 174470
928156 PUSH 49341 647655
918075 POP 19329 933989
955125 POP 64831 792833
37646 PUSH 11087 137382
60617 PUSH 41701 10285
999484 POP 83217 877564
201681 PUSH 82582 908519
837860 POP 15674 614801
790993 PUSH 96415 101610
814721 PUSH 33341 70134
761740 POP 21052 923311
336991 PUSH 68395 424269
990741 POP 96485 496561
123661 PUSH 53301 174111
711186 PUSH 6330 267
969385 PUSH 51041 479383
660787 PUSH 76903 471688
627327 PUSH 37669 840569
660421 POP 82153 262511
564083 PUSH 56629 501519
312703 POP 74810 123770
533973 PUSH 33588 169590
81417 PUSH 72329 779737
878 PUSH 99487 895950
461881 POP 53369 424013
489075 POP 68355 172219
249887 PUSH 53953 485287
516805 POP 51188 153397
215683 PUSH 21070 683191
769116 POP 71726 455140
609790 POP 72821 749975
637539 PUSH 6763 456605
705596 PUSH 21849 126681
990550 PUSH 23456 21372
23549 POP 55981 36313
380831 POP 36162 940980
441886 POP 60096 421098
665675 PUSH 78397 863006
199704 POP 66647 516805
441864 PUSH 20126 852118
920493 PUSH 20763 497289
310920 PUSH 98847 111561
760169 POP 3907 595100
512407 PUSH 50376 597852
376801 PUSH 24291 644744
872172 POP 47702 35809
662983 POP 96353 585270
776642 POP 6713 846443
583838 POP 72185 993380
794355 POP 19762 123661
599864 POP 35092 387552
267341 POP 20796 321336
835603 PUSH 94101 330399
207383 PUSH 85825 777809
1048 POP 79711 220283
620671 PUSH 56884 834583
847060 PUSH 74214 478257
652020 PUSH 83255 295085
854828 PUSH 39756 594587
694068 PUSH 49865 148012
27735 POP 69010 164730
20752 POP 53177 390923
569923 PUSH 30060 771301
758707 POP 75823 152504
586817 PUSH 61989 471065
451480 POP 83036 86958
793471 PUSH 55988 313219
547178 POP 55741 470719
393599 PUSH 92989 136933
989504 PUSH 85289 982483
301640 PUSH 79444 72248
627972 POP 42566 928156
232717 PUSH 48689 28883
633059 POP 96735 98272
87547 POP 10196 338888
772344 PUSH 8401 233715
116753 POP 70466 472553
766878 PUSH 58295 950014
589626 PUSH 37582 380801
441369 PUSH 79711 330301
232206 PUSH 2652 738471
514402 PUSH 57795 424780
900994 POP 64237 955125
21372 POP 23456 484647
169590 PUSH 72373 709420
683191 PUSH 65477 846274
498092 PUSH 56292 695395
779737 PUSH 22280 542719
637532 POP 6208 244452
709817 POP 27453 114367
537496 PUSH 63104 20959
664254 PUSH 82636 110947
424780 PUSH 49914 794077
40800 PUSH 19329 918075
471439 POP 22637 232134
888820 POP 35768 409457
193088 PUSH 71368 203616
547638 PUSH 28388 342922
835928 POP 84050 249887
796890 POP 65455 992077
953508 PUSH 72964 455540
594730 POP 70098 432305
525957 POP 33799 871633
84410 POP 41311 990603
701627 PUSH 83036 682455
119409 POP 94948 793471
345898 POP 43372 540278
857096 PUSH 77550 916481
915302 POP 2652 173983
184904 PUSH 5714 335922
842726 POP 77961 941744
682584 PUSH 60359 697378
212059 PUSH 88006 616083
753167 PUSH 30222 335876
795314 PUSH 94007 148961
220283 POP 3435 440198
378166 PUSH 633 606922
871633 PUSH 9411 221864
171661 PUSH 95433 707745
126681 PUSH 19595 231555
333636 POP 89976 466498
950287 PUSH 27803 441864
242541 POP 14623 860785
353688 PUSH 90134 459208
446458 PUSH 98231 86252
751896 POP 5962 567986
153397 POP 34801 828990
34417 PUSH 52747 401216
111713 PUSH 89976 333636
569918 POP 26623 297545
140360 POP 48689 70871
673131 POP 40339 7313
339078 POP 22101 222882
587900 PUSH 80525 309162
793160 POP 13529 761740
56436 POP 30222 201079
855618 POP 54900 587378
37790 POP 85159 473149
692565 POP 98424 530485
557974 POP 89451 279627
343516 PUSH 33348 560689
238978 PUSH 12802 464200
602770 POP 86819 303906
174470 POP 93949 11320
698421 PUSH 37715 221248
903267 POP 19595 745009
808924 POP 2497 433076
28683 POP 45228 869385
680992 PUSH 90639 406699
896217 PUSH 12937 124101
621859 PUSH 54693 779811
54107 PUSH 33804 314664
966250 POP 21900 517097
621319 POP 3869 606871
662720 POP 55352 586019
80325 PUSH 98298 184684
113630 PUSH 81476 677448
918265 POP 35298 284862
84029 POP 5860 796890
70134 PUSH 16475 713353
297545 POP 6507 384833
840692 POP 51386 139078
613330 POP 7554 157076
857145 PUSH 68082 144730
840947 PUSH 51386 840692
184684 POP 98298 33453
982483 POP 85289 194559
927119 POP 99754 702887
154215 PUSH 55647 131391
42595 PUSH 67164 249160
748634 POP 29642 510528
578446 PUSH 22780 296572
563050 PUSH 90692 313413
852118 POP 20126 649935
652873 PUSH 72989 486368
445612 POP 12588 395879
586666 POP 60523 555991
56549 POP 38050 630025
815724 POP 88874 821838
773808 POP 84069 805484
663369 PUSH 98044 24339
702887 POP 46577 50229
378799 POP 80448 101047
233614 POP 52902 944273
597974 PUSH 53726 732105
714648 POP 28710 367715
393444 PUSH 55741 376801
612071 PUSH 82313 87011
201079 PUSH 94444 8740
292309 POP 42861 593435
476572 POP 60334 393599
336569 PUSH 91608 893904
99636 PUSH 68355 489075
992077 POP 89679 56549
765242 PUSH 72451 205241
682874 POP 40490 392647
766081 PUSH 47350 215464
707516 POP 22539 845287
813749 POP 32067 372553
207086 PUSH 90094 836880
795647 PUSH 18587 285645
945321 PUSH 77192 674538
215464 PUSH 40490 682874
711557 POP 38064 769116
468233 PUSH 39974 426495
738501 POP 78151 785532
860785 PUSH 22637 471439
853665 PUSH 98424 835603
849716 POP 65551 191776
866952 PUSH 34081 620671
940980 PUSH 6507 447682
664714 PUSH 42861 292309
250945 PUSH 8052 127244
677448 POP 81476 839381
121640 POP 97952 218500
735489 POP 55127 512407
560689 POP 33348 969777
460467 POP 27695 857096
359303 POP 2587 609790
858641 POP 82176 433213
55704 PUSH 83873 778447
682455 PUSH 28304 268974
203608 PUSH 6758 378166
795120 POP 28803 422817
635811 POP 42260 711557
956927 PUSH 9247 269140
299163 PUSH 27706 947471
978400 POP 96169 568156
79093 POP 57470 580776
432392 POP 69329 610709
440787 PUSH 23170 790993
373068 POP 69487 27735
673547 PUSH 63527 791023
916886 POP 99368 843597
24339 POP 98044 814347
875605 POP 84061 772344
713201 PUSH 71085 52600
561279 PUSH 99193 597353
984735 PUSH 74783 348119
869385 POP 87262 290074
310818 POP 4882 335930
242663 POP 33462 711186
289458 POP 76683 582287
942547 PUSH 31813 553519
116980 POP 89212 840947
577316 POP 91415 131795
127244 PUSH 54510 573245
395879 POP 39756 676913
140064 PUSH 74762 552404
989792 POP 77601 313248
97886 PUSH 81339 197355
8170 POP 62443 667117
887787 POP 26823 915217
585270 POP 27679 854687
508000 PUSH 4585 672008
447682 PUSH 18163 600346
144730 POP 68082 232717
13075 POP 67283 706214
469838 POP 33708 189183
612176 POP 4674 660421
634701 POP 24291 160698
373350 PUSH 94433 979568
207956 POP 35720 99636
210797 PUSH 9248 832317
779126 PUSH 99754 927119
50437 POP 51991 171661
107433 PUSH 52456 652020
749970 POP 81893 48462
400908 PUSH 86314 484409
920517 POP 55003 409162
749975 POP 7253 303445
150580 POP 72329 725026
882982 POP 68212 475432
197355 POP 81339 107433
242259 POP 40855 781918
880127 POP 31522 497442
517097 PUSH 43286 392086
695256 PUSH 5962 742713
638912 PUSH 89799 950287
206795 POP 63655 342477
726595 PUSH 42260 635811
380801 POP 37582 321487
805376 POP 9247 135767
528826 POP 54648 634185
377575 POP 43298 709433
708288 PUSH 10394 578218
251245 PUSH 4674 612176
52600 POP 71085 709755
187146 PUSH 53369 461881
854687 POP 80885 125875
578218 POP 10394 584963
340039 POP 48752 47387
466410 PUSH 11518 528020
455140 PUSH 2497 808924
697378 POP 60359 352983
137382 PUSH 85159 37790
222882 POP 93987 23549
314664 POP 33804 639992
771576 PUSH 21052 504491
691282 POP 36539 206795
481655 POP 34092 655804
262247 POP 9928 362664
525055 PUSH 14641 914267
328748 POP 49238 482542
936819 PUSH 21082 171336
540278 PUSH 70578 577529
527691 PUSH 36750 543151
345894 PUSH 50675 953508
240449 POP 82741 668119
479383 POP 51041 522446
50229 POP 23620 863921
139078 POP 91608 7864
947471 PUSH 92290 34248
921721 POP 49493 612071
522446 PUSH 75823 597974
201749 PUSH 47544 283257
268974 POP 28304 446458
399415 POP 40118 95593
148961 POP 94007 882579
413126 POP 98402 608008
253863 POP 80525 468233
157414 POP 7830 233614
339822 POP 42136 852381
359929 PUSH 87065 745095
98272 PUSH 26823 887787
101047 PUSH 65551 849716
542719 POP 22280 232206
516763 PUSH 80074 618152
710717 PUSH 74261 920493
507898 PUSH 49493 921721
990603 POP 56083 508000
5365 POP 15760 250945
479712 PUSH 65777 865819
916481 PUSH 89303 850447
168226 PUSH 53100 881367
637722 PUSH 22307 118119
674538 POP 77192 594730
707745 POP 95433 181374
79456 PUSH 22180 27671
779242 PUSH 23454 665675
276378 PUSH 19739 97886
556468 POP 35841 427620
257264 POP 80074 620537
171875 PUSH 47949 359137
67497 PUSH 89212 764378
221864 POP 9411 608965
610270 PUSH 66647 199704
157729 POP 65477 505723
113192 PUSH 96310 113126
365116 POP 55647 125706
86252 PUSH 43596 864120
347809 PUSH 89451 557974
259395 POP 9515 634699
825668 POP 93720 660787
303906 POP 53200 242663
242564 PUSH 73052 780140
163494 POP 26377 156355
881752 POP 69338 756649
415904 POP 56299 457616
181374 PUSH 35092 766081
872181 PUSH 58401 900204
741634 POP 66554 369008
688809 PUSH 27057 687020
223448 PUSH 40832 705596
368608 POP 2800 168226
874 POP 23891 359303
221248 POP 37715 460467
703092 PUSH 58484 562087
791160 PUSH 41666 329832
361087 PUSH 64237 900994
499653 POP 5739 54107
457616 POP 10749 200079
227371 POP 33296 50774
220451 POP 82568 726425
814347 PUSH 96542 81417
732105 POP 53726 758707
898395 POP 11468 578446
436467 PUSH 3959 623629
608266 PUSH 33296 227371
369008 POP 61052 509657
244452 PUSH 43269 386520
586019 POP 89969 16982
706214 PUSH 97919 75531
608965 PUSH 84061 875605
457156 POP 3101 373350
672008 POP 4585 110438
348119 POP 74783 698421
175317 PUSH 20579 187146
608008 POP 18587 137756
582287 PUSH 48261 518803
914267 PUSH 22539 705292
113126 PUSH 41779 975970
726425 PUSH 49238 328748
481290 POP 66905 442782
747020 POP 97162 634701
809997 PUSH 9928 262247
282276 POP 1254 521652
805484 POP 76328 374716
136933 PUSH 62443 8170
792833 POP 42982 386476
935435 POP 8024 760169
123111 POP 51447 190868
785532 PUSH 15923 652989
523504 POP 23524 613534
269528 POP 22686 918265
553519 POP 31813 589626
530485 POP 65873 955044
203616 PUSH 23620 237569
414973 PUSH 5458 789567
75531 POP 97919 575833
896272 PUSH 22686 269528
406699 PUSH 80448 378799
770862 POP 37972 539564
738471 PUSH 51930 894303
475197 POP 80327 480666
722834 PUSH 47702 695256
69117 PUSH 27740 30348
902280 PUSH 17363 868377
149479 PUSH 42978 88506
209227 PUSH 80327 475197
702152 PUSH 74933 816232
755198 PUSH 43898 875742
997354 POP 48700 889764
674938 PUSH 21207 275921
833858 POP 34630 773808
701548 POP 6536 713709
394119 PUSH 51447 791160
863921 PUSH 37377 288387
761552 PUSH 83033 549936
240823 POP 52456 317997
959339 PUSH 84973 480447
374411 PUSH 22646 906121
30348 PUSH 82153 251245
265146 PUSH 77181 755198
614775 PUSH 67331 710944
90657 POP 77181 698766
539463 POP 27057 880127
59313 PUSH 292 716685
821838 PUSH 76109 318052
384833 PUSH 55981 147068
99487 PUSH 60334 476572
709755 PUSH 26377 163494
864457 PUSH 81893 289188
501519 PUSH 40118 399415
543151 POP 36750 257264
917931 PUSH 53718 772943
480666 PUSH 69338 42595
912701 PUSH 50420 376753
864120 POP 43596 349813
417540 POP 46216 371489
889475 PUSH 86819 602770
72248 PUSH 92733 942547
972203 POP 7420 242259
764378 PUSH 48752 340039
394606 PUSH 38050 598425
251713 PUSH 23434 850403
70871 POP 17403 441369
173983 PUSH 54365 722834
427620 POP 65627 89528
521652 POP 90094 495971
990441 POP 34081 510594
233715 POP 8401 990550
504491 PUSH 39740 935203
42600 POP 90315 962267
745095 PUSH 92869 984431
745009 PUSH 70098 967267
36313 PUSH 76328 537496
634699 POP 95296 738501
923311 PUSH 70531 390071
832317 POP 9248 881752
850447 PUSH 18241 854837
433213 PUSH 97385 86326
769251 POP 4033 878156
974487 PUSH 94948 119409
744612 POP 97143 903267
80561 POP 13774 610270
190868 PUSH 71601 386204
455540 PUSH 88424 748667
123770 PUSH 79320 136163
105822 POP 83033 339
350921 PUSH 34801 236745
588717 POP 79256 878378
131391 PUSH 80757 335426
852077 POP 2940 394606
470719 PUSH 24556 379684
555208 POP 93302 769251
313413 PUSH 84050 835928
759963 PUSH 83873 547638
7864 PUSH 99368 916886
420543 PUSH 37972 680992
