1000
238721 POP 89274 751140
55628 PUSH 6685 159055
249529 POP 61730 327487
542373 POP 14425 818535
277885 PUSH 75759 802203
844484 PUSH 60090 939610
675808 POP 70190 390560
610936 PUSH 46431 891534
810609 PUSH 33272 827011
460479 POP 47779 891302
901129 POP 95247 657041
260763 POP 92508 777521
68109 POP 25823 39623
561000 POP 22774 836342
990490 POP 11629 682113
243891 PUSH 31897 245608
24808 POP 7195 524468
449342 POP 46245 294681
807556 PUSH 92112 892778
865026 POP 9504 177588
796219 PUSH 5265 167752
46692 POP 20832 213546
271586 POP 69804 41409
948912 POP 87457 559358
456836 PUSH 55261 819415
170060 PUSH 44220 179269
437128 PUSH 57442 735652
141883 PUSH 6404 540438
127368 POP 9416 181898
80079 POP 40646 989816
381198 POP 65367 135123
48664 PUSH 37669 857119
392361 PUSH 96976 30163
310949 POP 94215 70225
743245 PUSH 2012 780381
643477 PUSH 62712 870762
191723 PUSH 5920 310829
541305 POP 28392 989038
181332 PUSH 47779 578166
188897 POP 17268 98713
799451 POP 92848 400260
789390 PUSH 11230 681306
65251 POP 30504 264058
832624 PUSH 79498 757681
361625 PUSH 64099 511908
251139 POP 43283 895640
416079 PUSH 54979 965028
627247 POP 51745 281777
587209 POP 71669 231696
197406 PUSH 41772 515128
558324 POP 37658 202199
299413 PUSH 42773 204846
694598 POP 65385 581577
916179 PUSH 72176 879046
934758 POP 93927 364198
595532 PUSH 82689 446624
943713 PUSH 66826 284323
595820 PUSH 43369 637494
367546 PUSH 49032 176695
520072 PUSH 59766 838707
279888 PUSH 86697 607384
339040 POP 25475 196877
261883 POP 97325 470751
941763 POP 61528 715113
531236 PUSH 36968 528205
527013 PUSH 27830 62377
720154 PUSH 21460 330210
371657 PUSH 38013 279888
887039 PUSH 78139 274904
48748 PUSH 46245 135177
776279 POP 36671 360567
364328 POP 22812 538202
984639 PUSH 5851 235967
505263 PUSH 52663 143299
572403 POP 46150 592204
603148 PUSH 25601 550393
179686 POP 67783 720154
309416 POP 73454 401693
6228 PUSH 4200 529431
196108 POP 49032 188667
644420 PUSH 34078 757311
827011 PUSH 55147 931468
280499 PUSH 77559 986998
68364 POP 54979 748244
911610 PUSH 15020 411583
614651 PUSH 87184 751561
608729 POP 11600 187780
265359 POP 48245 474138
645201 POP 38876 940084
548538 PUSH 40646 332079
120837 PUSH 57808 881507
401693 PUSH 55839 460554
536223 POP 78380 849174
999467 PUSH 88757 481669
967869 POP 86500 948687
300011 PUSH 17590 941806
711432 POP 22385 487759
948687 PUSH 25059 186649
319587 POP 25621 825100
385325 POP 49607 90235
999566 PUSH 68203 83217
731393 PUSH 71418 430609
315863 POP 40639 588652
18985 PUSH 96133 804200
707155 PUSH 91115 278295
797710 PUSH 68671 830611
735652 POP 73716 694151
592204 POP 21985 854537
738329 PUSH 88869 623285
885376 PUSH 21645 925492
440888 POP 86053 837088
374715 PUSH 86459 923630
475714 POP 10207 874105
90859 POP 46981 926535
819415 PUSH 47120 500654
95966 POP 41073 193628
349674 POP 87934 833418
360893 POP 98119 389299
874105 PUSH 54162 541613
954763 POP 27482 170060
328360 POP 21012 68410
635812 POP 92658 192741
818285 POP 44941 481843
23595 PUSH 88573 988690
44069 POP 35887 742469
116969 PUSH 27715 868150
584378 POP 21594 336001
891802 PUSH 70190 120837
924614 PUSH 64173 118068
891302 POP 44650 201772
487896 PUSH 77792 885376
666615 POP 39179 168304
804715 PUSH 96249 565720
857453 PUSH 68997 537738
932280 PUSH 59541 270854
98713 PUSH 14425 329243
735650 PUSH 38914 210244
986998 POP 43295 910681
700881 PUSH 38830 359312
141629 POP 86784 810609
381192 POP 36500 104370
575489 PUSH 95868 520395
991039 PUSH 25071 874341
592986 POP 70613 183925
806532 PUSH 17281 65018
758553 POP 45282 663643
831463 PUSH 83719 751219
575054 POP 5265 990552
221676 POP 41154 55713
201932 POP 33873 289416
821542 POP 42773 362881
999424 PUSH 12938 687591
794016 PUSH 79735 658943
308727 PUSH 12642 364328
210244 PUSH 86500 675808
719289 PUSH 19588 505721
358306 PUSH 50929 300011
313147 PUSH 42143 757796
851831 PUSH 82750 126751
789744 POP 2538 90859
154208 POP 41824 329436
202199 PUSH 97536 979535
207266 PUSH 44650 210971
182314 POP 30500 710144
718072 POP 11717 598078
781505 PUSH 44941 887058
181240 POP 12642 197167
39623 PUSH 49192 562693
336060 POP 72753 735254
571258 POP 35172 458433
738186 PUSH 25823 68109
575145 POP 11230 968522
443235 PUSH 88437 28385
739183 POP 54209 382640
622593 PUSH 64052 410207
747192 PUSH 39346 728785
781593 PUSH 29854 620804
168304 PUSH 41824 732747
125047 POP 90658 142962
200876 PUSH 88862 576700
926644 POP 66826 665868
387517 POP 88617 891802
366985 PUSH 87934 2788
492457 PUSH 46150 599483
923630 PUSH 78102 747192
853580 PUSH 33478 328360
563286 POP 91115 382064
210971 PUSH 39007 922405
416810 PUSH 80748 551488
51386 POP 43335 741939
621642 POP 39254 460479
854537 PUSH 66723 316262
128854 POP 70790 285482
832355 POP 65955 712253
223098 PUSH 33873 743245
926535 PUSH 77158 804715
101447 PUSH 75948 108508
980824 POP 48841 936819
30163 PUSH 94945 806532
582013 POP 19905 619833
887058 POP 24544 667035
260224 POP 59402 285644
651494 POP 77158 48664
831162 POP 40594 948912
711369 POP 34613 630309
485684 PUSH 11557 309803
177590 PUSH 3817 419244
582361 PUSH 34108 943713
309881 PUSH 51351 497150
34737 POP 97536 229541
751219 POP 38013 485684
757681 PUSH 53254 934414
29796 POP 31560 996258
332079 PUSH 14752 781505
634350 PUSH 27786 655581
571259 PUSH 90933 707155
201772 POP 39007 799112
814865 PUSH 59402 315863
390461 POP 31292 526905
489879 PUSH 4405 213131
949894 PUSH 71056 546463
906928 POP 65227 101447
605708 POP 64173 197406
427948 POP 6235 512521
457552 POP 29211 230859
400260 POP 60090 405296
185125 PUSH 92461 865026
187780 POP 32189 949894
289018 PUSH 84076 587137
795928 PUSH 27287 43922
274422 POP 72738 16630
431651 POP 1251 124367
252448 POP 90272 285465
650084 POP 95093 634778
413505 PUSH 1461 11606
277085 PUSH 12206 857453
650889 PUSH 35808 483946
163769 PUSH 61936 789390
450509 PUSH 59529 226076
941806 PUSH 25489 55061
299326 PUSH 62334 839529
211776 POP 65418 993259
873246 PUSH 9784 509434
710144 PUSH 91971 199225
533701 PUSH 18493 944971
537612 PUSH 98351 342964
554015 PUSH 69282 129563
112473 POP 78 750181
520399 PUSH 41618 12633
952731 POP 52686 984639
920643 PUSH 6371 898778
193216 POP 95125 677860
359232 PUSH 65989 412752
459223 POP 48058 736087
888371 PUSH 51966 865533
381594 PUSH 6286 996326
276091 PUSH 55493 65251
444095 PUSH 65367 55628
21021 POP 27866 629554
512833 PUSH 40768 172599
446624 PUSH 22027 520072
937866 POP 95868 310883
429722 PUSH 80958 51386
540962 POP 52100 18985
780381 PUSH 65418 740378
839491 POP 25489 309416
279202 POP 27830 999566
661680 POP 1461 369336
970405 POP 84775 156951
12633 POP 96249 177590
460554 POP 31089 694598
410207 PUSH 12158 727637
630239 PUSH 7361 758553
152276 PUSH 70670 195368
418142 POP 229 427948
716826 PUSH 39254 627162
500654 PUSH 32639 371977
90837 PUSH 77750 764524
443710 POP 99174 214589
934414 PUSH 56663 702561
956824 PUSH 72271 293650
236275 POP 20620 308727
346252 POP 68836 769853
560869 PUSH 72192 364262
264058 PUSH 43313 646879
774023 PUSH 28711 207986
524468 PUSH 78380 646980
10535 PUSH 8614 911610
309516 PUSH 95093 252448
364198 POP 88869 646672
598078 POP 2069 619908
436734 POP 36286 781593
421058 POP 29716 133890
292168 PUSH 85000 558329
291413 POP 23953 413505
870762 POP 92112 963432
839529 PUSH 54209 148633
245608 POP 18650 900876
675992 POP 15691 84375
919267 PUSH 96395 624475
702400 POP 78027 950225
619833 PUSH 51343 544599
767675 POP 61159 233949
865533 POP 65660 252669
289416 POP 2012 211776
879124 PUSH 65297 142808
116117 POP 87733 635812
387492 POP 99444 794016
462815 PUSH 25356 716729
449069 PUSH 58737 182020
312109 POP 8644 137320
432710 PUSH 2201 856918
4367 PUSH 31104 52091
874341 PUSH 10969 849689
996326 PUSH 89351 6228
383586 PUSH 36500 354269
311534 PUSH 51380 582387
795295 PUSH 18650 576072
396713 POP 15020 223098
481808 PUSH 71507 118592
666788 POP 21645 893355
5325 PUSH 67904 658503
736287 PUSH 18160 313147
430609 PUSH 48822 462815
856918 POP 2312 408632
452263 PUSH 49607 10535
133890 PUSH 31342 561731
203407 PUSH 31793 227294
522154 POP 3817 584378
380541 PUSH 38876 28493
307516 PUSH 18876 512833
748244 POP 99951 625673
16627 PUSH 3575 887630
176695 PUSH 41439 857850
820036 PUSH 40567 993812
624475 PUSH 12845 79154
620273 PUSH 33253 176106
172272 POP 11557 443235
521888 POP 24182 550870
830611 POP 17454 706404
801372 POP 55261 846321
893320 POP 93393 757026
718440 PUSH 24678 814865
581577 PUSH 1140 381594
582387 PUSH 31292 214957
770461 PUSH 55781 321817
639915 PUSH 43283 251139
891638 PUSH 64374 450379
865877 POP 96970 253783
208679 POP 71056 748084
41627 PUSH 6235 866239
580538 PUSH 92658 665653
261209 POP 68997 271586
580123 POP 96863 941846
627162 POP 2874 885389
814281 PUSH 84775 554015
689656 POP 78139 546685
607384 POP 48822 999424
493606 POP 34246 423032
330957 POP 29854 235055
756490 PUSH 19756 108245
799112 PUSH 68878 471551
222960 POP 13088 779633
275741 PUSH 2365 82507
43922 POP 31811 496945
333686 PUSH 2264 331024
152585 POP 41480 46692
104067 PUSH 99444 795928
443055 PUSH 90658 975807
876653 POP 25511 5325
120686 POP 77750 765513
989816 POP 14752 818285
917157 POP 31793 45192
825358 POP 52450 528760
68410 POP 31104 887039
589375 PUSH 11600 148467
512521 POP 75759 627247
541613 PUSH 18014 316238
736838 PUSH 78145 711432
125715 PUSH 12311 819515
565546 POP 65989 311534
523188 POP 89351 366985
557849 POP 76962 531236
858251 POP 80748 75372
977965 POP 61968 444095
529169 POP 62852 769989
292609 PUSH 93393 449342
143299 PUSH 89274 97381
728785 PUSH 36286 833403
331421 POP 54072 738186
612773 POP 25059 168863
420024 POP 73700 675051
342964 POP 42671 811227
204846 PUSH 12781 276091
700609 PUSH 35887 238707
459716 POP 58737 183536
360567 POP 25329 381198
108508 POP 68788 243891
381685 PUSH 81455 537612
748084 POP 36885 244504
543172 PUSH 96980 356561
180296 PUSH 17360 383586
521950 PUSH 1325 858251
75372 POP 52019 570844
592156 PUSH 25621 888993
833648 POP 12311 457552
261435 POP 36968 924367
346405 POP 76342 27918
777521 POP 77559 909486
599483 PUSH 21985 191723
995095 POP 32610 867447
896635 PUSH 63510 943812
305221 PUSH 20016 274422
507047 PUSH 52450 165014
611985 PUSH 6555 879124
898778 PUSH 229 41627
655581 PUSH 92002 80079
760711 PUSH 43491 523537
757026 PUSH 23953 182314
846321 POP 47120 644420
702561 POP 62712 112473
921202 POP 59529 551801
90235 POP 8614 396713
70416 POP 1140 601508
34447 POP 51380 390461
818535 PUSH 76962 823928
329089 POP 57461 41130
685426 PUSH 7950 292168
540438 PUSH 73700 132121
284323 PUSH 97216 736287
847590 PUSH 13922 814
236901 PUSH 16932 650084
278295 PUSH 42500 611271
940309 POP 43500 627186
196810 POP 16434 591636
148633 PUSH 66396 808113
486913 PUSH 10207 400725
745131 PUSH 72314 312409
253151 POP 73529 575054
400725 PUSH 18387 125047
331840 POP 19756 489879
992038 PUSH 81652 529169
619908 PUSH 95125 217436
550870 PUSH 51183 628471
368387 POP 28711 621698
660782 POP 19588 475714
193628 PUSH 28392 443710
294323 POP 37288 483490
252881 PUSH 38798 817328
736908 POP 64052 642021
309803 POP 86697 307516
455499 PUSH 36318 505263
434427 POP 96976 919585
79154 PUSH 27866 159785
226076 PUSH 5206 349674
871637 PUSH 40493 558163
836437 PUSH 22183 34447
788486 PUSH 25329 417487
213546 PUSH 7195 23595
160347 PUSH 2069 249529
634778 POP 43278 807353
133847 PUSH 24511 107885
751140 POP 25270 910269
177588 POP 81652 247956
894832 POP 2800 677575
630309 PUSH 86784 141629
646879 POP 78846 774023
96620 POP 37669 231849
8126 POP 74167 40957
198753 POP 55100 696361
646672 POP 38031 279202
316262 PUSH 65227 452809
315576 POP 27786 836429
926291 PUSH 54072 331421
559358 PUSH 22385 732914
620804 PUSH 36908 650093
83217 POP 24511 660422
473781 POP 68203 865877
895640 PUSH 46897 698651
168863 POP 79639 700609
362881 POP 12781 135090
419244 POP 98306 147631
235055 POP 36908 432710
316655 POP 48113 466075
41409 PUSH 24656 500234
726248 POP 91971 104067
825100 PUSH 45827 429722
97381 PUSH 25270 154208
412752 POP 13535 371247
124367 PUSH 28585 771528
69340 PUSH 41154 533701
28493 PUSH 64574 645201
181898 PUSH 14759 643477
811227 POP 56297 96620
135090 POP 55493 913295
893500 POP 40771 116969
560832 PUSH 82016 564212
329436 POP 49967 16968
10845 PUSH 24544 687473
625673 PUSH 70311 901129
509434 PUSH 11717 160347
617699 PUSH 7936 294323
470183 PUSH 25506 644579
833403 POP 20579 427349
939987 POP 34861 346405
450379 PUSH 2538 661680
446128 POP 24656 196810
975807 PUSH 59387 603148
416105 PUSH 61730 825358
529431 POP 92461 741195
978850 POP 14759 735650
769989 PUSH 7345 845165
86084 POP 31167 312250
417219 PUSH 87457 831162
601508 POP 6286 523188
885571 PUSH 65955 18754
217436 POP 87966 770461
196877 POP 66410 706527
359312 POP 76098 799451
496945 POP 86674 885571
183925 POP 63221 438317
22778 POP 37973 236275
84375 POP 77792 919267
993962 POP 72176 650889
415225 PUSH 48058 456333
745586 PUSH 35172 421058
736195 PUSH 55100 582013
26110 POP 54740 823145
188667 PUSH 87976 560832
751561 PUSH 96863 474190
825599 POP 82689 314428
336001 POP 81455 325815
580182 POP 14759 832624
224514 POP 93041 926291
192741 PUSH 86053 767675
443268 POP 31006 57722
900876 PUSH 73529 597960
181463 PUSH 31006 580123
588652 PUSH 21012 4367
197387 POP 46767 521950
220174 PUSH 88865 493606
205293 PUSH 37991 258011
305367 PUSH 15691 487896
778765 POP 55839 797622
252629 PUSH 1251 24808
769853 POP 28276 224514
304343 POP 12938 243645
807353 POP 2264 575489
276361 POP 70670 136707
47008 PUSH 94215 205293
665143 POP 60604 893931
108245 PUSH 69281 264190
209531 PUSH 9059 565546
346471 POP 55147 199032
931152 POP 82274 589375
857119 PUSH 85373 170951
813247 POP 79643 426654
176803 POP 21460 965666
167752 PUSH 57461 605708
438317 PUSH 34613 711369
969040 PUSH 22947 128854
561731 POP 7950 597272
543841 PUSH 72753 336060
511908 PUSH 20579 572403
238899 PUSH 31560 277085
937178 POP 7936 84001
329787 PUSH 76098 315372
915125 PUSH 31167 541305
892778 POP 17281 125715
331024 POP 82016 222960
62377 POP 22027 360634
474138 POP 37479 440888
885389 POP 75948 181332
356561 PUSH 19905 589963
371247 POP 35808 470183
551801 POP 5206 220174
364262 POP 65297 592156
405475 PUSH 68759 916179
214589 PUSH 21009 557849
310829 POP 43313 368387
810316 PUSH 43500 330957
395856 PUSH 34861 769854
159785 PUSH 64365 666788
805616 PUSH 65385 185125
505721 POP 5293 486913
795560 POP 78824 539305
585274 PUSH 7015 674536
996258 POP 12206 261209
681810 PUSH 22812 948425
968522 POP 72040 738329
285644 PUSH 14485 853580
427349 PUSH 23702 22820
988690 POP 38798 745586
987721 POP 36318 681823
769854 POP 39346 705615
913006 PUSH 78824 967869
963432 PUSH 78 833648
611271 PUSH 86251 329787
774633 PUSH 49216 650418
438329 PUSH 2874 906928
459612 POP 79510 236901
182020 PUSH 8973 60062
382640 POP 66396 946492
946430 POP 27715 359232
931468 PUSH 52572 679338
783362 POP 2738 613205
417487 POP 52663 238721
135123 PUSH 95247 595820
990552 PUSH 70779 329089
164617 PUSH 14841 813247
528021 POP 41439 392050
558329 POP 71507 443268
264190 PUSH 73144 820036
993259 PUSH 62852 421855
741939 POP 51966 756490
330210 PUSH 77154 438060
408632 PUSH 43295 745131
497409 PUSH 93041 170618
944971 POP 84635 615096
292600 POP 42091 338124
628609 POP 40493 141883
687473 PUSH 41073 490157
566473 POP 46431 315576
615096 PUSH 11196 181240
853228 POP 40768 292600
125567 POP 11196 639915
390560 POP 57808 522043
948425 PUSH 84635 22778
187685 PUSH 80459 47008
941846 PUSH 88508 990490
193340 PUSH 80888 803159
893931 PUSH 25512 606278
819515 POP 33535 941763
118592 POP 87184 181463
466075 PUSH 39179 716826
61432 POP 25356 917157
135146 POP 88865 597077
562693 PUSH 40594 448910
857850 POP 13922 675633
836429 POP 92002 86084
326419 POP 41618 522154
713480 PUSH 74303 244588
756630 POP 69652 12816
742469 POP 22375 564558
195368 POP 80575 44069
779633 POP 75328 459612
151188 POP 42143 980508
597077 PUSH 61968 620273
879046 PUSH 73232 937866
515128 POP 22947 29796
167602 POP 83719 710049
833418 PUSH 34246 978850
727637 PUSH 32610 377698
18754 POP 65783 891638
126751 PUSH 8644 305367
229541 PUSH 31089 805616
12816 PUSH 32682 660782
732914 PUSH 78973 184965
726216 POP 96395 650395
53555 POP 80695 876596
488731 POP 16932 978144
436381 PUSH 42671 137329
147232 POP 82750 312109
940084 POP 64574 711663
511148 PUSH 66620 825192
497150 PUSH 70790 358306
906462 POP 9059 836437
197613 PUSH 25511 876653
808113 PUSH 5293 434427
426654 PUSH 52686 939987
214957 POP 25506 180296
2188 POP 48105 473781
993812 PUSH 86982 851831
421855 POP 78802 299413
837088 PUSH 37973 84109
310883 POP 15708 416105
354269 PUSH 25475 193216
316238 POP 18387 371260
57722 POP 88508 152585
867447 POP 79158 946430
866185 POP 62334 739183
849174 POP 28585 499411
650418 POP 49216 106480
936819 PUSH 61528 299326
184965 PUSH 74167 736838
490157 PUSH 99174 542373
558163 PUSH 17266 387492
805026 PUSH 13535 993962
520395 PUSH 15708 507047
989038 POP 21009 261435
526905 POP 17360 381192
207986 PUSH 17086 558324
106480 PUSH 34064 744789
910269 POP 1325 977965
197167 POP 25282 221676
159055 POP 33253 188897
55713 POP 18493 125567
285482 POP 50929 238899
700118 POP 78145 120686
329243 PUSH 89725 818990
534234 PUSH 79643 395856
576072 POP 5920 97075
868150 POP 68759 805026
674536 POP 17590 839491
60062 PUSH 73903 481808
732747 PUSH 49967 621642
73105 PUSH 75328 180730
405296 POP 6517 987721
360634 POP 59766 133847
925492 POP 14485 760711
918779 POP 97270 967758
913295 PUSH 28813 492457
825192 PUSH 80575 612773
251838 POP 88757 141850
965666 PUSH 26663 920643
667035 PUSH 64559 95966
469600 PUSH 12208 459223
172599 PUSH 42091 582361
45192 PUSH 55540 153330
599336 POP 25601 127368
339084 PUSH 93927 575145
705615 PUSH 76342 436734
338124 POP 34108 926644
823928 POP 89725 276361
706063 PUSH 92508 280499
950225 POP 70779 416810
179269 POP 44220 774633
545377 POP 55540 580538
953350 PUSH 14759 387517
585405 POP 67904 48748
631376 PUSH 9504 992038
153330 POP 25071 617643
176106 POP 50897 795560
40957 PUSH 54740 700118
735254 PUSH 70613 549787
244588 POP 7361 197193
739935 POP 51183 831463
253783 POP 70311 610936
628471 POP 71418 371657
70180 POP 33478 689656
377698 PUSH 79158 893500
350887 PUSH 87966 736908
69190 POP 67283 825599
196259 PUSH 73716 70416
294681 PUSH 30500 425207
838707 POP 86251 700881
252669 POP 24678 260224
623285 POP 44324 69190
55061 PUSH 73454 34737
682113 PUSH 41480 261883
483946 POP 73232 873246
537444 PUSH 65783 291413
687591 PUSH 12436 61432
470751 PUSH 20832 388880
706527 POP 25512 689626
589963 PUSH 83396 632837
325815 POP 98351 608729
132121 POP 17266 436381
650093 PUSH 2312 710888
16630 POP 72271 449069
891534 POP 90085 634350
249519 PUSH 88617 374715
367055 POP 7345 540962
888993 PUSH 43335 888371
702619 POP 48321 292609
389299 POP 3575 739935
230859 POP 55761 81606
621698 POP 17086 309881
347512 POP 64099 249519
740378 PUSH 78802 878536
73778 PUSH 28276 497409
97075 PUSH 31648 924614
270854 POP 90581 201932
919585 POP 94945 443055
321817 PUSH 60604 209531
423032 POP 38914 294975
70225 PUSH 90272 294633
148467 PUSH 32189 814281
836342 PUSH 97325 305221
205008 PUSH 44324 437169
657206 POP 87976 333686
438060 PUSH 76589 176803
757311 POP 32639 164617
232620 POP 96133 347512
818990 POP 66620 152276
694151 PUSH 35186 450509
81606 POP 84076 587209
765513 POP 42340 855910
978144 PUSH 40771 405475
657041 PUSH 90085 554976
823145 POP 51945 783362
474190 PUSH 11629 561000
247956 PUSH 30259 367055
371260 PUSH 32528 580182
744789 POP 34064 543841
845165 PUSH 52100 821542
52091 POP 6555 560869
551488 POP 94229 365417
683296 POP 2288 193340
644579 POP 9784 718072
550393 PUSH 9416 807556
565720 PUSH 98306 628609
764524 PUSH 42340 452263
385501 PUSH 37479 116117
606278 PUSH 65481 906462
909486 POP 90933 563286
706404 PUSH 98119 16627
517448 PUSH 80695 275741
142962 POP 59387 599336
592272 PUSH 5242 630239
107885 POP 38830 416079
471551 PUSH 46767 702400
980508 PUSH 48245 385501
881507 PUSH 69381 456836
227294 POP 73144 991039
231696 PUSH 53357 756630
129563 PUSH 41916 847590
597960 POP 31648 796219
392050 POP 36217 73105
629554 POP 64365 315383
365417 PUSH 52019 896635
30264 PUSH 51745 543172
910681 POP 72314 571259
538202 PUSH 25282 69340
388880 POP 20016 252881
213131 PUSH 24182 731393
65018 PUSH 33535 980824
704883 PUSH 86674 537444
736087 POP 91730 726216
564212 PUSH 13088 528021
452809 PUSH 68788 795295
312409 PUSH 92086 666615
741195 POP 30259 232620
7294 POP 35186 921202
233949 POP 88437 999467
878536 POP 2532 527469
41130 POP 41772 446128
803159 POP 80888 380541
663643 POP 5242 713480
485044 PUSH 79639 858165
16968 POP 68878 197387
677575 PUSH 48841 392361
712253 POP 64374 789744
675633 POP 34282 208679
804200 POP 28813 361625
735707 POP 80958 331840
546685 POP 45827 735707
689626 POP 65481 452945
327487 POP 76635 350887
528760 POP 35844 561720
294975 PUSH 50897 913006
104370 PUSH 27482 339040
281777 POP 96980 736195
802203 POP 76589 30264
258011 POP 41916 367546
333078 PUSH 67783 536223
922405 PUSH 78027 253151
50654 POP 80459 310949
849689 POP 40567 415225
637494 POP 6685 10845
537738 PUSH 69804 585274
665653 POP 12208 167602
855910 PUSH 51945 126270
658503 PUSH 48321 585405
170618 POP 51343 346252
314428 PUSH 38031 527013
946492 PUSH 55761 289018
137320 PUSH 91730 675992
507842 POP 74303 611985
710049 PUSH 61159 172272
176056 POP 65810 681810
613667 PUSH 56297 651494
481669 PUSH 36754 366996
698651 POP 46897 197613
576700 PUSH 97270 970405
564558 POP 61936 742289
183536 POP 8973 15688
2788 POP 4200 953350
425207 POP 61670 893320
452945 POP 22183 954763
523537 PUSH 17454 70180
243645 POP 12436 545377
650395 POP 12845 21021
681306 PUSH 72040 73995
159638 POP 18160 151188
852151 POP 78102 534234
785687 POP 92086 455499
658943 POP 27287 832355
382064 POP 42500 205008
141850 POP 36754 176056
965028 PUSH 99951 776279
539305 PUSH 17268 511148
137329 POP 79735 613667
646980 POP 88573 571258
437169 PUSH 67283 595532
642021 POP 12158 995095
746074 POP 6371 418142
628856 PUSH 37288 617699
797622 PUSH 16434 196259
237351 PUSH 48105 934758
136707 POP 6714 237351
716729 POP 69281 203407
866239 POP 77154 277885
665868 POP 97216 159638
681823 PUSH 36671 788486
979535 POP 59541 631376
165014 PUSH 35844 488731
199225 PUSH 31811 704883
527469 PUSH 30504 981596
312250 PUSH 2800 894832
294633 PUSH 11334 517448
943812 POP 57442 7294
456333 POP 86982 147232
454551 POP 77170 871637
170951 PUSH 82274 520399
981596 PUSH 78846 26110
521552 POP 11334 53555
587137 PUSH 71669 56127
235967 POP 10285 940309
315372 PUSH 92848 844484
11606 PUSH 77170 726248
522043 POP 69381 801372
546463 PUSH 36885 200876
939610 PUSH 6517 785687
369336 PUSH 46981 454551
746125 PUSH 13857 50654
483490 PUSH 40892 334411
876596 POP 2365 657206
597272 POP 85000 252629
500234 POP 7015 778765
660422 PUSH 96970 68364
156951 POP 69282 187685
684395 PUSH 79510 309516
787668 POP 55781 665143
285465 PUSH 43278 521552
924367 POP 36109 566473
627186 POP 2201 706063
679338 POP 33272 663405
613205 PUSH 37658 932280
126270 PUSH 2738 849781
274904 POP 72192 319587
371977 POP 86459 852151
448910 POP 49192 417219
554976 POP 43369 548538
858165 POP 14841 952731
186649 POP 34078 485044
56127 PUSH 69652 719289
715113 PUSH 29211 866185
15688 POP 73903 685426
238707 PUSH 22375 163769
893355 POP 43491 797710
334411 PUSH 2288 937178
118068 POP 51351 969040
142808 PUSH 65660 718440
817328 PUSH 29716 459716
849781 PUSH 90581 385325
293650 POP 52572 614651
411583 PUSH 2532 8126
578166 POP 31897 207266
73995 POP 5851 260763
27918 PUSH 10285 810316
528205 PUSH 36109 2188
561720 PUSH 76635 622593
458433 POP 31342 431651
677860 PUSH 66410 787668
886467 POP 66723 438329
663405 PUSH 22774 346471
549787 PUSH 63221 592986
481843 POP 64559 915125
82507 POP 37991 196108
675051 PUSH 21594 381685
135177 PUSH 61670 702619
632837 POP 26663 746074
147631 POP 6404 420024
84109 PUSH 20620 251838
617643 POP 10969 469600
771528 PUSH 47024 333078
967758 PUSH 36217 746125
244504 POP 88862 918779
487759 POP 78973 90837
84001 POP 40892 683296
757796 PUSH 87733 304343
197193 PUSH 40639 507842
366996 PUSH 65810 265359
570844 POP 63510 135146
814 PUSH 34282 326419
28385 POP 18876 853228
887630 POP 4405 521888
499411 POP 47024 179686
696361 PUSH 68836 73778
315383 POP 68671 360893
544599 POP 83396 198753
711663 PUSH 45282 592272
710888 POP 23702 316655
199032 PUSH 72738 956824
591636 PUSH 94229 437128
231849 POP 85373 931152
22820 PUSH 48113 886467
180730 POP 13857 684395
742289 PUSH 6714 339084
