1000
935878 POP 7976 89694
147750 PUSH 43984 511094
582879 PUSH 4143 968765
410998 PUSH 91919 729050
298412 PUSH 86916 374378
248718 POP 86728 763899
301318 POP 65999 120486
77209 POP 12737 211530
358267 POP 23104 149452
263545 PUSH 86909 198207
700467 POP 47311 404092
934808 POP 22315 325116
343642 POP 7574 451739
442446 POP 90295 554728
539048 POP 92980 634044
489930 PUSH 67376 720725
724989 PUSH 10534 270979
215010 POP 50018 225332
819326 PUSH 55403 262647
514558 PUSH 98413 908436
646764 PUSH 20546 992630
282418 POP 29909 896807
656074 POP 32217 500703
16452 PUSH 5702 840394
802412 POP 29203 490550
681273 POP 40535 952488
587150 PUSH 49710 363456
578276 POP 22515 417744
435962 PUSH 87078 722640
942016 POP 87084 755250
887106 PUSH 79903 637099
743644 PUSH 65185 176864
525151 POP 98552 568479
952937 PUSH 38209 385750
447149 POP 23782 340813
947843 PUSH 16536 170021
876926 POP 7472 989863
801987 PUSH 99141 90434
679365 POP 28222 217482
991280 PUSH 28222 116166
266890 POP 61211 421210
27334 POP 15255 73810
284552 POP 49943 485946
999871 POP 16536 900665
573736 POP 43717 963423
649691 POP 64033 128635
134776 POP 91887 250775
365367 PUSH 38272 863869
647464 POP 26739 659084
186533 POP 40774 663802
715637 PUSH 87084 288446
178563 PUSH 26599 115570
275378 POP 85279 792425
935744 PUSH 86728 196674
716204 POP 64007 764563
297107 PUSH 61426 707523
2991 PUSH 41106 913743
586364 PUSH 81200 362656
688985 POP 65999 55649
711300 PUSH 66118 594041
271683 POP 67452 814441
99337 PUSH 54098 947811
475750 POP 65955 607192
15318 PUSH 66622 654457
468903 PUSH 10691 267517
135311 POP 81853 147413
808114 PUSH 26162 36636
19960 POP 97830 484287
884382 PUSH 47747 484965
187004 POP 54532 624565
902150 PUSH 97836 813288
528611 POP 98953 114711
141760 PUSH 41106 496851
816848 POP 87169 399980
434929 PUSH 43984 585050
61976 POP 77575 116978
202582 PUSH 53352 629939
240390 POP 74452 59446
715323 PUSH 74452 109058
304741 POP 90849 40570
362656 PUSH 6400 365497
304700 PUSH 22515 230504
698876 POP 97859 133044
753212 POP 87379 309011
792299 PUSH 36252 826461
639482 POP 64210 110541
85544 PUSH 24999 191466
613762 POP 99266 760399
104139 POP 7574 656074
906283 POP 28063 503370
601343 PUSH 62828 658324
411049 POP 86583 775920
106390 PUSH 43515 549788
84659 POP 9462 165025
755904 PUSH 53000 48175
457618 PUSH 21841 925090
417744 POP 3284 527089
849028 POP 4143 570946
540647 PUSH 34666 577979
807737 PUSH 70385 564511
114711 POP 86105 286339
893645 POP 8304 406922
619427 POP 32705 135311
429846 PUSH 67932 965806
996823 POP 30112 676144
265167 POP 66382 95289
91684 POP 89514 950641
182961 POP 26926 503980
732614 PUSH 54086 499663
768795 PUSH 98647 953443
511094 PUSH 20300 355047
342853 POP 59892 423601
506095 POP 6232 282418
438192 PUSH 11484 600999
826461 PUSH 39508 179107
589879 PUSH 17519 134160
743769 PUSH 19456 227137
765004 PUSH 55182 979362
968765 PUSH 91347 489930
419123 POP 69844 275378
600999 PUSH 11484 374117
425394 POP 46501 735094
654457 PUSH 58535 519840
471052 PUSH 26200 952937
571478 PUSH 50271 902150
953443 PUSH 15255 127714
53696 POP 60888 692071
560621 PUSH 93801 767838
670922 POP 21888 977037
538415 PUSH 41696 542107
352484 POP 61211 890411
12594 POP 74452 525151
366264 PUSH 39865 801131
607720 POP 54098 32348
767190 PUSH 28374 237939
559238 POP 47973 328737
258288 PUSH 6232 953757
407887 POP 23065 999871
811273 PUSH 83913 476279
696589 PUSH 18411 802412
719072 PUSH 65955 881343
464888 POP 21841 100193
83063 POP 40394 996823
775920 POP 12737 380306
84386 PUSH 39258 855564
300578 PUSH 6277 531503
101038 POP 26330 35043
258056 PUSH 81853 451945
98467 POP 84082 870758
854833 PUSH 6277 985654
872285 POP 31823 215010
484965 PUSH 67452 816929
352672 POP 26895 934808
839780 POP 22515 859411
659084 POP 3284 839780
68328 PUSH 48579 732614
39289 POP 58535 78388
936208 POP 59271 187004
86402 POP 56930 253865
466253 POP 89620 363117
744053 POP 21649 960368
611126 POP 96325 168749
845733 POP 1775 930485
663802 PUSH 73845 879799
637099 PUSH 62388 75141
72763 PUSH 35417 446085
763804 PUSH 35417 223560
315056 PUSH 70878 999629
424346 POP 20222 721077
801131 PUSH 64805 415039
58452 PUSH 47371 450105
814441 POP 62556 577071
492151 PUSH 51831 290516
973938 POP 68055 906283
987631 PUSH 82471 990373
816012 PUSH 20300 434929
985632 POP 73305 701448
995209 POP 34658 155338
387141 PUSH 21888 623956
505134 PUSH 17281 889948
509338 POP 39933 492662
775051 POP 98786 533929
196674 PUSH 94714 762929
839086 POP 71925 712973
983754 PUSH 91294 550138
768378 PUSH 97702 849881
130619 POP 63915 416608
490042 PUSH 79903 411401
573896 PUSH 9462 84659
230851 PUSH 64033 813655
51663 PUSH 26200 987797
561414 PUSH 18615 100938
720235 POP 26599 681273
770478 PUSH 28538 13450
301937 PUSH 26599 489448
406922 POP 29909 509471
470676 PUSH 21108 300947
168749 POP 91294 895507
9649 PUSH 71260 561414
361153 PUSH 86583 167427
445936 PUSH 16536 430857
446297 POP 45267 607720
183049 POP 13721 464888
243453 PUSH 51519 718942
271339 POP 86728 845733
998268 POP 137 605079
925090 PUSH 48555 484171
43125 POP 22740 872285
513079 POP 36585 271683
429920 PUSH 83214 915958
310449 PUSH 15798 10787
722640 PUSH 93091 447149
642533 POP 59271 978709
360221 POP 28426 314051
9495 PUSH 6645 458462
170005 POP 27214 619427
898435 PUSH 93356 684083
128635 POP 9793 899498
228466 POP 69557 343642
521588 PUSH 40385 616149
163919 PUSH 65560 115961
55649 POP 79026 94365
611324 PUSH 23512 743916
682085 PUSH 99678 945337
822615 POP 86916 858213
74152 PUSH 13388 235447
715399 POP 18615 259963
925220 PUSH 54514 605964
835650 PUSH 51903 102351
101251 POP 52930 78199
257058 PUSH 99743 145529
683336 POP 21888 446297
198207 PUSH 34874 836187
402167 PUSH 86916 807737
144222 PUSH 7976 99337
489448 PUSH 70608 866192
675030 PUSH 86105 563692
805207 PUSH 52930 9495
219536 POP 38209 775354
170021 PUSH 66331 141760
83443 PUSH 93356 15318
211530 POP 78602 444027
48175 PUSH 85279 477186
195484 PUSH 86105 989734
61786 PUSH 137 436660
543479 PUSH 75886 723593
687593 PUSH 32176 652950
133044 POP 57273 586983
723565 POP 78687 42429
285327 POP 78768 700467
427123 PUSH 40872 601731
532490 PUSH 49943 604320
223560 PUSH 79026 99339
808661 POP 95443 377940
340813 POP 37589 738911
218111 PUSH 69271 257058
438410 PUSH 86234 298412
135214 POP 54174 636497
190158 PUSH 34666 307348
958822 POP 97187 172256
120486 POP 94735 951327
564142 PUSH 3765 861849
227137 PUSH 76888 476968
610412 POP 21837 283450
152644 PUSH 64682 231014
353214 PUSH 34824 437814
895507 POP 73625 919917
373567 POP 66633 68136
663178 POP 46307 285327
979362 PUSH 28063 796317
977037 POP 49642 134776
446085 PUSH 26926 801987
36636 PUSH 50018 101287
477186 PUSH 29987 207739
78388 POP 41696 913019
190831 PUSH 9065 304891
191466 PUSH 63366 528517
736414 POP 28374 649691
316193 POP 36603 904543
231014 PUSH 90642 973428
165884 PUSH 27726 46117
913019 POP 87476 440499
893667 POP 36603 419123
447043 PUSH 24873 822203
801579 PUSH 78490 105006
439050 POP 99589 907554
520455 POP 47973 639482
586452 PUSH 82507 606494
475238 POP 90458 822615
896807 POP 8304 191822
601731 PUSH 63366 200685
253865 POP 64805 374360
136975 PUSH 76246 300578
797760 PUSH 63915 69736
499934 PUSH 59892 977715
392710 POP 48113 395171
78032 PUSH 7411 62455
679719 POP 34824 352672
870758 POP 33753 228025
629903 PUSH 54980 809867
622004 PUSH 77575 12603
397678 PUSH 98647 622004
492478 PUSH 8304 575491
421767 POP 34162 846975
668345 POP 35046 458123
208614 POP 2881 649718
707152 POP 79903 794847
550138 PUSH 96325 744973
266959 POP 93356 39814
999629 PUSH 36554 479807
300114 POP 63543 43125
415735 POP 86179 352484
775049 PUSH 89514 816012
895590 PUSH 19604 516347
416608 POP 31030 893645
325116 PUSH 19130 233543
919262 POP 41106 265167
129877 PUSH 26519 298069
792425 POP 53000 880858
981520 POP 65961 475750
400921 POP 39258 556846
403994 PUSH 48113 392710
813335 PUSH 26056 151300
93797 PUSH 29487 586364
200685 PUSH 33753 848461
314217 PUSH 29612 721836
645255 PUSH 8304 530527
920570 POP 39258 791581
869892 PUSH 26739 526384
252534 PUSH 20222 636753
945337 PUSH 61426 7076
210219 POP 26519 264574
623956 PUSH 58161 364125
450457 PUSH 27726 775049
776266 POP 89620 588451
708891 PUSH 90096 404230
636497 POP 62828 39485
755250 POP 51831 598898
786284 PUSH 21533 493350
21288 PUSH 70607 934211
958253 POP 43717 75825
881339 PUSH 19261 288881
435094 POP 48555 992330
283450 POP 35544 958822
599191 PUSH 44901 506308
889948 PUSH 64033 767190
987700 POP 99678 628482
638792 PUSH 27673 80131
604320 PUSH 68711 586452
13450 PUSH 3554 33984
191822 POP 31030 705062
559228 POP 20300 117765
869049 POP 98786 861058
330886 POP 94098 930985
780017 POP 68530 936208
532696 POP 2368 61223
810183 PUSH 92575 403396
237939 PUSH 50145 601343
868074 PUSH 52884 474841
314510 PUSH 6232 21288
605079 POP 91919 233077
692071 POP 17519 708822
69736 PUSH 65961 719072
451945 PUSH 4788 810183
845796 POP 76246 707823
618481 PUSH 98786 426662
385574 PUSH 41241 144222
290516 PUSH 87084 543479
573085 PUSH 97294 755904
809867 POP 61933 255444
721836 PUSH 11220 230851
915958 PUSH 43193 573085
399980 POP 62828 264775
701448 POP 34666 53696
53591 PUSH 47973 987631
516513 POP 68049 382705
414054 POP 53352 772178
918460 POP 47825 99051
270904 PUSH 9516 532490
256222 PUSH 64007 478220
319267 POP 29987 316193
493350 PUSH 37724 438410
264775 POP 54174 736414
536096 PUSH 70378 438192
462231 PUSH 16513 301937
264574 POP 6675 210892
334533 PUSH 43193 694911
46610 PUSH 78687 341493
17219 PUSH 94735 64092
72921 POP 33852 812807
849881 PUSH 4043 471052
573081 PUSH 60741 651645
570946 POP 64210 559238
62577 POP 46482 577646
229510 POP 65961 130619
951749 PUSH 94714 982096
701230 PUSH 58425 147750
478220 PUSH 10534 683544
649718 POP 93356 140872
429175 PUSH 55955 746721
99879 POP 80308 294508
652950 PUSH 19261 785242
102351 PUSH 21837 943204
15135 POP 75193 475685
622398 PUSH 66938 158966
1277 PUSH 34786 621540
533929 POP 76033 400883
126760 PUSH 55403 805207
39485 POP 62388 707152
706397 PUSH 66318 126760
966258 PUSH 97294 334533
992630 PUSH 76026 674594
598898 POP 59892 239000
157011 POP 94505 448688
916420 POP 7670 743774
132961 POP 76033 869049
167610 POP 70607 506095
225332 POP 26162 83063
764563 POP 10534 373567
267517 PUSH 96722 142405
965585 PUSH 68345 796511
390647 PUSH 52451 68393
577979 PUSH 79554 589879
900879 PUSH 77637 611324
582688 PUSH 62556 540426
503370 POP 19509 651006
729050 PUSH 137 353214
588451 POP 77789 447762
754886 POP 87084 575100
307348 PUSH 95680 480842
542107 PUSH 45524 350809
684083 PUSH 2881 263545
568768 POP 89455 528611
947811 PUSH 45267 468903
758299 PUSH 34162 243453
855564 PUSH 63331 74152
985654 PUSH 76246 108657
179107 PUSH 83088 236273
656516 PUSH 54782 951749
822998 PUSH 3309 21593
811006 PUSH 21837 818345
748354 POP 97758 176470
23593 PUSH 38272 165770
930485 POP 37724 157011
628070 PUSH 98413 422632
75825 POP 42697 167610
174947 POP 14205 762899
233543 POP 19130 638792
385831 POP 46482 72921
830277 POP 93801 244618
813288 PUSH 85679 671945
430857 PUSH 23065 484740
710891 POP 81853 693435
71440 POP 21837 439050
80148 PUSH 59271 9649
193282 PUSH 57909 743559
380306 POP 46315 880359
554217 PUSH 31030 645255
660278 POP 93036 355803
565835 POP 50018 219536
12603 PUSH 78687 429920
362088 POP 66939 435696
356462 POP 12605 8300
530527 PUSH 29909 314510
848461 PUSH 84082 782994
506308 PUSH 54514 587150
624565 POP 65560 318040
329429 PUSH 4788 646764
721612 POP 33060 808661
880359 POP 77789 466253
393453 POP 40872 744053
210814 POP 59140 893667
847602 POP 19261 698876
796789 POP 42260 236811
951327 POP 51519 653064
507904 PUSH 97758 307543
100193 POP 32176 847602
525079 PUSH 3081 218111
42429 POP 77575 377023
676425 PUSH 46315 544950
168393 POP 73305 414054
451739 POP 82907 465849
291136 POP 72662 595377
306876 POP 87815 493098
264503 POP 64271 910949
404230 PUSH 63915 554217
151300 PUSH 88475 925220
527089 POP 26739 915021
798865 POP 41696 425394
294508 POP 3957 754256
312725 POP 83214 723565
64092 PUSH 36603 235981
33984 PUSH 27143 256222
84542 POP 62634 266890
813655 PUSH 9793 470676
899268 POP 28374 135214
762929 PUSH 54782 758299
78199 POP 18615 780017
229891 POP 63978 312725
846072 POP 88475 891585
630550 PUSH 33852 505134
667386 POP 94714 271339
273472 PUSH 47514 193282
364125 PUSH 54098 139479
592512 PUSH 55150 900879
356506 POP 68711 284552
195430 POP 37544 573895
723593 PUSH 7472 991280
458462 PUSH 44031 444939
116166 PUSH 86828 353477
960498 PUSH 1775 935744
300947 PUSH 46482 626262
909131 POP 28222 876926
149452 POP 33723 806417
28352 POP 26162 565835
196425 POP 63524 912642
948481 POP 10534 332957
908737 PUSH 97702 284502
656559 POP 7411 831450
626592 POP 4200 775051
595377 POP 90295 971449
674594 PUSH 17519 420023
141599 POP 45267 670922
858213 POP 70385 330886
198490 POP 57793 210946
577646 POP 28711 573490
250775 POP 26599 101038
5772 PUSH 9516 199211
629939 PUSH 61866 540647
311101 POP 26056 846072
928138 PUSH 89455 689111
407032 POP 41106 311011
564511 PUSH 37724 960498
140199 PUSH 40394 701230
492662 POP 43036 261357
709651 POP 40394 28352
908436 PUSH 31800 241056
139479 PUSH 77660 443115
845237 POP 83214 940743
653064 POP 34162 396571
930985 POP 1775 248718
307543 PUSH 16352 743769
455007 PUSH 61211 313277
270979 PUSH 36860 918308
880858 POP 97294 229891
821021 PUSH 63331 449422
169050 POP 34658 526469
513899 POP 25181 629903
865003 PUSH 28222 310449
568479 POP 3957 98467
575491 PUSH 27488 797760
318040 POP 33723 360221
485946 POP 76668 37254
99051 POP 86934 958253
145529 PUSH 28777 510632
556846 POP 85630 415735
522095 PUSH 47973 291839
665217 PUSH 16562 710340
658324 PUSH 62388 490042
382705 POP 38272 972416
986554 POP 34666 168393
46117 POP 27726 961250
772777 PUSH 54362 583410
651006 POP 88003 827941
265187 PUSH 27673 627587
960368 POP 33753 99879
834018 PUSH 39578 679428
744973 PUSH 46804 772777
531503 PUSH 964 623635
349180 PUSH 90295 770478
199265 PUSH 90458 402167
444282 POP 60888 986554
8300 POP 89455 489997
840557 POP 13073 198490
899498 POP 33852 62577
851261 PUSH 87344 152644
978709 POP 68530 715399
465362 PUSH 19621 811006
7076 PUSH 89620 965715
743916 PUSH 74452 965585
911209 PUSH 35046 850418
651645 PUSH 92969 507904
236273 PUSH 93801 106390
448688 POP 72997 749551
594041 POP 19837 429846
115570 PUSH 26330 599191
850782 PUSH 32217 801579
408363 POP 2803 565265
287630 POP 97294 306876
919246 PUSH 42260 129877
484287 POP 20222 920366
484740 PUSH 34786 622398
127714 PUSH 15255 397678
311011 POP 33002 393453
447762 POP 64168 77209
248590 POP 38272 988549
605964 PUSH 87379 462231
762516 POP 34824 998268
479504 POP 76164 721612
365497 PUSH 2803 195484
6146 PUSH 26926 763804
583410 PUSH 95192 23593
920366 POP 57909 393856
101287 PUSH 76247 51663
616149 PUSH 39933 273472
480842 PUSH 53352 351932
904543 POP 19456 264503
403396 PUSH 99141 6146
68136 PUSH 39353 818383
476279 PUSH 13862 991898
396396 PUSH 97187 835650
669961 PUSH 91556 684792
934211 PUSH 44432 370434
510632 PUSH 16084 564142
393856 POP 47514 509338
116978 POP 44678 845237
965715 PUSH 77789 676425
302128 POP 26926 532696
819012 PUSH 73883 868074
721077 POP 97830 278131
332957 POP 64007 645630
426662 PUSH 58291 93797
707823 POP 6114 941461
818383 PUSH 58003 527464
900665 POP 66382 407032
91374 PUSH 59892 492151
473824 POP 137 679719
318420 POP 75687 55159
486137 PUSH 82235 711300
62455 PUSH 67065 843080
309011 POP 26330 720235
563692 PUSH 84375 9428
9355 PUSH 70233 270904
871100 POP 19261 945270
664694 POP 17519 444282
925288 PUSH 51236 365367
374117 PUSH 7574 850782
645630 POP 15184 516560
627587 POP 95640 777568
738911 PUSH 5270 148165
710340 POP 69752 186533
731701 PUSH 94049 675030
503980 POP 99141 170005
309546 POP 54532 642533
775354 POP 26200 439231
971463 PUSH 32217 536096
32348 POP 6755 840557
961250 POP 89514 559228
444027 POP 7874 352243
288881 PUSH 32176 457618
941461 POP 964 868949
863869 PUSH 88257 883845
140872 POP 66622 39289
777568 POP 88003 496352
883845 PUSH 54362 819012
493098 POP 85279 319267
890411 POP 5702 932893
108657 PUSH 93221 884382
110541 POP 97687 916420
443115 PUSH 36710 521588
312557 POP 21841 435094
40570 PUSH 80482 163441
105006 POP 78490 228466
411401 PUSH 86261 202582
554728 POP 87492 195430
526384 PUSH 82507 430201
420023 PUSH 60888 190158
147413 POP 76026 664694
918308 PUSH 15184 519971
470689 PUSH 37034 410998
827941 POP 91191 304741
94365 POP 35417 182961
229701 PUSH 65999 113877
352243 POP 42260 210219
396571 POP 54782 667386
490550 PUSH 60299 525079
239000 POP 63411 996173
793928 POP 95955 679365
134160 PUSH 76026 258056
286339 POP 2803 996861
861058 POP 4200 305106
440499 POP 64805 256721
422632 PUSH 43717 390647
370434 PUSH 43717 514558
236811 POP 7874 411049
573490 POP 97702 300114
453757 POP 67065 174947
995406 POP 35350 956440
912642 POP 55150 759748
577860 PUSH 98552 715323
823747 POP 93801 995406
377940 POP 77637 592021
684792 PUSH 74014 406196
990373 PUSH 65955 708891
504630 PUSH 73831 6972
628482 POP 61426 776266
644573 PUSH 19456 598660
350809 PUSH 66622 898435
831450 POP 83088 830277
249379 PUSH 76033 286348
444939 PUSH 59271 200886
952234 POP 37034 40924
278131 POP 86828 909131
667452 POP 55403 925196
402446 POP 14595 15135
989863 POP 75886 942016
865783 POP 64033 899268
304891 PUSH 21995 318420
796511 PUSH 51245 432492
640879 PUSH 66633 724989
892616 POP 40872 329240
37254 POP 70233 754870
782994 PUSH 56219 577860
499663 PUSH 71197 435962
8162 POP 15255 27334
509471 POP 6232 666024
351932 PUSH 86261 887106
915021 POP 82507 356506
385750 PUSH 50018 585807
10787 PUSH 53705 715637
812807 POP 48663 865783
996173 POP 55955 626592
550920 PUSH 39933 258791
489997 POP 6071 400921
720725 PUSH 2881 83443
956440 POP 7411 453757
565265 POP 86105 356462
95289 POP 16536 660278
666024 POP 70607 835874
708822 POP 76026 710891
40924 POP 91919 473824
284502 PUSH 28711 292218
210946 POP 39933 539048
718942 PUSH 17951 229701
113877 PUSH 79026 72763
406196 PUSH 94929 665217
714725 PUSH 59189 26148
806417 POP 65560 309546
117765 POP 43984 725238
689111 PUSH 16803 84386
367450 POP 79903 816848
73307 PUSH 64154 861625
421210 POP 87056 1148
857504 POP 93221 258805
705062 POP 63915 981520
740059 PUSH 49943 5772
363117 POP 61426 663178
199211 PUSH 70233 465362
377023 POP 9912 8162
27367 PUSH 88003 265187
305106 POP 55955 806226
859411 POP 89075 311101
464133 POP 76246 857504
1148 POP 63331 920570
516560 POP 61137 291136
314051 POP 90574 407887
577071 POP 48764 845796
459156 POP 54782 421767
725238 POP 58425 709651
183716 PUSH 98578 731701
762899 POP 51236 248590
911174 POP 73883 221705
80131 PUSH 88003 765004
585050 PUSH 58425 338043
89694 POP 54098 141599
549788 PUSH 15374 455007
878857 PUSH 33060 573081
115961 PUSH 54532 80148
606494 PUSH 26739 308806
458123 POP 35046 952234
155338 POP 29487 132961
235981 PUSH 34162 656516
754256 POP 98552 240390
573895 POP 15184 716204
355047 PUSH 92115 165884
220544 POP 20300 91684
785242 PUSH 97859 396396
432492 PUSH 21511 85544
987797 PUSH 63543 908737
374360 POP 87476 798865
516347 PUSH 55150 878857
338043 PUSH 40394 808114
163441 PUSH 5336 402446
109488 PUSH 42260 498645
24071 POP 3961 762312
449422 PUSH 39258 882344
233077 POP 37034 668345
861625 PUSH 10345 834018
622282 POP 86909 730035
355803 POP 59937 358267
439231 POP 63543 825181
131300 PUSH 19509 27367
61223 POP 79026 301318
712973 POP 89075 578276
39814 POP 2881 622282
598660 PUSH 88491 94419
496851 PUSH 33002 427123
237690 PUSH 86583 317053
794847 POP 84269 635781
796317 PUSH 28063 131300
496352 POP 24525 973938
634044 POP 57909 424346
51058 PUSH 83375 869892
592021 POP 9492 12594
919917 POP 55403 101251
465849 POP 11484 104139
719097 PUSH 46315 49860
932893 POP 33871 823747
235447 PUSH 62079 16452
754870 POP 99589 610412
174055 POP 73883 611126
971449 POP 70878 183049
613772 PUSH 78768 939844
846975 POP 51519 920274
707523 PUSH 99678 613772
190590 PUSH 87476 822998
920274 POP 94735 688985
498645 PUSH 7874 237690
626262 PUSH 47288 768378
463430 POP 32863 851261
676144 POP 43984 220544
450755 PUSH 43071 214357
585807 PUSH 56578 140199
694911 PUSH 83214 46610
540426 PUSH 93221 136975
148165 PUSH 13697 614912
963423 POP 98413 513079
6972 PUSH 33060 592512
450105 PUSH 7907 486137
288446 PUSH 51831 499934
334242 POP 9516 27949
99339 PUSH 21701 17219
882344 PUSH 55546 183716
90611 PUSH 68913 504630
679428 PUSH 54039 696589
972416 POP 51236 692798
881343 PUSH 75319 522095
58957 PUSH 22515 51058
217482 POP 16455 19960
952488 POP 96722 683336
210892 POP 40172 796789
575100 POP 1788 793928
430201 PUSH 68711 740059
704244 PUSH 65560 491316
531290 PUSH 86757 463430
356234 PUSH 89620 297107
261357 POP 36710 935878
614912 PUSH 50016 978627
743559 PUSH 20222 329285
519840 PUSH 41696 190590
353477 PUSH 82066 252534
172256 POP 97859 871100
479807 PUSH 49797 687593
94419 PUSH 97758 90611
615877 PUSH 86828 865003
221705 POP 8752 516513
743774 POP 86909 208614
55159 PUSH 10385 73307
292218 PUSH 76908 630550
861849 PUSH 22872 68328
692798 POP 79504 827854
822203 PUSH 19579 677793
816929 PUSH 36585 628070
374378 PUSH 90458 366264
945270 POP 54144 312557
991898 PUSH 63411 91374
907554 POP 70233 334242
27949 POP 49943 24071
978627 PUSH 24632 58452
636753 PUSH 57909 527946
818345 PUSH 35544 996217
399840 POP 65955 229510
635781 POP 53352 985632
475685 PUSH 70340 513899
759748 POP 33060 467284
484171 PUSH 70878 349180
943204 PUSH 99589 9355
910949 POP 97758 439613
298069 PUSH 26785 6456
59958 POP 28711 385831
840394 PUSH 43515 560621
474016 PUSH 97600 881339
866192 PUSH 37962 387141
452277 PUSH 79504 792299
9428 PUSH 6400 714725
925196 POP 66318 613762
950641 POP 27726 640879
621540 PUSH 23065 947843
241056 PUSH 67452 582688
868949 POP 11845 987700
231948 POP 54362 174055
850418 PUSH 35046 470689
735094 POP 66622 266959
344492 POP 99141 302128
200886 PUSH 51896 704244
500703 POP 78490 450457
90434 PUSH 27214 329429
395171 POP 63938 762516
109058 PUSH 8328 895590
965806 PUSH 98468 531290
763899 POP 94714 459156
329289 PUSH 97861 911209
607192 POP 82471 520455
806226 POP 86598 342853
491316 PUSH 33723 398632
437814 PUSH 26895 403994
207739 PUSH 36603 644573
527946 PUSH 18194 550920
341493 PUSH 50472 768795
835874 POP 44432 573736
436660 PUSH 91919 329289
693435 POP 74422 166434
939844 PUSH 28240 854833
843080 PUSH 79504 925288
439613 POP 68913 479504
176864 PUSH 53000 966258
913743 PUSH 66382 445936
165025 PUSH 78490 971463
519971 PUSH 37544 450755
167427 PUSH 7874 919246
214357 PUSH 90295 315056
400883 POP 29487 169050
75141 PUSH 62828 314217
313277 PUSH 87056 821021
13475 PUSH 33002 2991
329285 PUSH 97830 615877
415039 PUSH 38882 538415
333218 POP 67452 918460
683544 PUSH 66633 132343
474841 PUSH 91294 706397
262647 PUSH 50572 983754
772178 POP 86261 367450
404092 POP 6277 464133
973428 PUSH 57518 669961
730035 POP 34874 849028
258805 POP 16452 333218
291839 PUSH 64210 582879
476968 PUSH 16925 743644
317053 PUSH 33182 719097
879799 POP 92529 447043
6456 PUSH 26519 109488
363456 PUSH 26056 722513
158966 PUSH 33723 163919
435696 POP 88475 839086
475652 PUSH 64210 53591
791581 POP 6071 568768
244618 POP 43515 84542
977715 PUSH 63411 429175
255444 PUSH 67167 571478
132343 POP 14142 948481
544950 PUSH 42250 361153
825181 POP 97702 59958
988549 POP 68049 231948
749551 POP 90458 86402
940743 POP 43193 287630
762312 POP 82507 647464
165770 PUSH 51236 452277
398632 PUSH 23104 1277
992330 POP 70878 442446
329240 POP 33002 919262
623635 PUSH 78768 682085
527464 PUSH 58691 61786
827854 POP 67065 656559
722513 PUSH 89075 58957
100938 PUSH 52930 819326
228025 POP 63366 892616
671945 POP 15547 190831
49860 PUSH 77789 356234
68393 PUSH 78596 258288
423601 POP 51831 754886
767838 PUSH 83088 78032
953757 PUSH 29909 492478
256721 POP 39865 475238
308806 PUSH 3284 304700
35043 POP 90842 362088
586983 POP 12421 71440
176470 POP 16352 210814
752557 POP 68913 748354
26148 PUSH 29487 249379
142405 PUSH 40535 178563
59446 POP 8328 196425
258791 PUSH 40385 385574
996217 PUSH 97187 474016
526469 POP 7264 408363
73810 POP 31310 61976
259963 POP 52930 667452
528517 PUSH 40872 13475
989734 PUSH 98953 928138
230504 PUSH 89075 813335
891585 POP 54514 753212
982096 PUSH 86728 786284
836187 PUSH 91704 475652
996861 POP 29272 995209
286348 PUSH 98786 811273
328737 POP 82471 399840
746721 PUSH 4200 618481
21593 PUSH 44195 199265
760399 POP 96325 911174
166434 POP 27214 344492
467284 POP 60741 752557
