100
324187 PUSH 95950 944920
746712 POP 32562 458062
198968 PUSH 56630 984887
984887 PUSH 95222 950345
706017 PUSH 48771 968229
424028 POP 19067 767763
600905 POP 62042 493626
338600 PUSH 50476 665023
417355 POP 33623 187745
337210 POP 95222 935631
706625 POP 95950 663160
380283 POP 47675 6246
16381 POP 35706 832565
651739 PUSH 67417 816714
738387 POP 67417 888862
154403 PUSH 24468 824654
126352 PUSH 24468 459584
586011 PUSH 32763 218147
767763 POP 18513 663482
950345 PUSH 10086 887336
698811 POP 32763 674970
758844 POP 24468 270179
797922 PUSH 45738 846227
958115 POP 95222 793290
453431 POP 33623 698811
164107 PUSH 19067 437229
846227 PUSH 91006 49117
101464 PUSH 91006 976085
748768 PUSH 32562 746712
625526 PUSH 32562 489190
600836 POP 99509 768494
478966 PUSH 67417 921933
944920 PUSH 31713 101464
824654 PUSH 99263 748768
809335 POP 17808 198005
57991 POP 31713 232839
493500 POP 94720 706625
407889 PUSH 18513 164107
520155 POP 48771 424028
888862 POP 17808 380283
976085 PUSH 45738 217087
677212 PUSH 47675 716028
6246 POP 99509 600905
427831 POP 47565 573029
573029 POP 50476 487440
725938 POP 24468 350783
489190 PUSH 99263 126352
620145 PUSH 95950 421116
583890 POP 32763 417355
498069 PUSH 17808 478966
232839 POP 95950 493500
777133 POP 47565 738387
984195 POP 50476 777133
786527 PUSH 86539 154403
559626 PUSH 62042 715090
598808 POP 30739 583890
198005 POP 67417 427831
816714 PUSH 17808 677212
421116 PUSH 94720 324187
437229 PUSH 48771 706017
857643 POP 48771 520155
715090 PUSH 99509 626231
217087 PUSH 33623 170261
935631 POP 10086 625526
832565 POP 62042 600836
507997 POP 19067 857643
941595 PUSH 50476 984195
948414 POP 32562 666641
458062 POP 99263 758844
270179 POP 86539 735767
626231 PUSH 47675 498069
487440 PUSH 10086 835144
170261 PUSH 32763 98378
187745 POP 45738 467181
9795 POP 91006 752303
350783 POP 99263 948414
459584 PUSH 86539 407889
735767 POP 18513 507997
665023 PUSH 47565 651739
663482 POP 86539 725938
633278 PUSH 62042 661075
793290 POP 56630 337210
835144 PUSH 95222 198968
663160 POP 31713 9795
716028 PUSH 99509 633278
768494 POP 47675 809335
484051 PUSH 35706 559626
98378 PUSH 30739 484051
661075 PUSH 35706 179461
49117 PUSH 31713 620145
493626 POP 35706 598808
752303 POP 45738 453431
921933 PUSH 47565 941595
179461 PUSH 30739 586011
467181 POP 91006 57991
674970 POP 30739 16381
887336 POP 10086 958115
968229 PUSH 19067 892607
892607 PUSH 18513 786527
218147 PUSH 33623 797922
