30
74439 POP 86 854010
718128 PUSH 32 556605
509304 PUSH 7 906641
370493 POP 91 538944
253785 PUSH 27 291282
677889 POP 5 218210
659981 PUSH 9 839259
637851 PUSH 80 75035
936266 POP 23 659981
839259 PUSH 27 637851
443800 POP 32 314832
417177 PUSH 86 707010
346484 PUSH 38 852788
291282 PUSH 49 66439
556605 PUSH 5 443800
314832 PUSH 38 417177
916215 POP 38 74439
104443 PUSH 16 74733
964629 PUSH 52 52578
854010 POP 81 936266
316060 PUSH 23 677889
852788 POP 27 509304
52578 PUSH 5 253785
906641 POP 80 964629
538944 POP 9 346484
66439 POP 46 104443
707010 PUSH 81 316060
218210 PUSH 91 916215
74733 PUSH 67 887116
75035 PUSH 46 370493
