29
13296 PUSH 25 988126
660270 POP 40 805381
352349 POP 56 459675
600834 POP 32 518233
579836 PUSH 62 366265
491429 PUSH 25 109002
382238 PUSH 65 882650
109002 PUSH 40 373691
373691 PUSH 56 852587
518233 POP 62 61799
167082 PUSH 56 648627
1675 POP 89 594964
685714 PUSH 89 784199
870266 POP 25 520693
882650 PUSH 61 587191
805381 POP 56 600834
646779 POP 65 21027
21027 POP 61 434111
434111 PUSH 89 685714
988126 POP 25 660270
61799 POP 32 352349
648627 PUSH 40 13296
459675 POP 40 870266
594964 PUSH 5 462938
587191 POP 61 646779
520693 PUSH 61 382238
366265 PUSH 32 167082
852587 PUSH 32 579836
784199 POP 89 1675
