999
474460 PUSH 1004 288206
619245 POP 94586 872897
38992 PUSH 95303 135650
94949 POP 50072 188226
140484 PUSH 91990 946975
935340 POP 10819 513457
334120 PUSH 49942 346368
962998 PUSH 90999 456487
733725 POP 63145 329625
764703 PUSH 77655 517435
618844 PUSH 78309 49218
818871 PUSH 73982 306006
855711 PUSH 79949 877435
250208 PUSH 78611 508412
427320 POP 93746 552146
446676 PUSH 34509 540248
213832 POP 55156 736683
110850 PUSH 10436 748562
225408 PUSH 93842 949981
734079 POP 90090 164898
72413 POP 5322 755090
604116 POP 58771 476291
306990 POP 95303 357693
729013 POP 90999 143693
508412 PUSH 38963 225408
265434 PUSH 15867 697699
679964 POP 56821 797735
368708 PUSH 4003 680711
606160 PUSH 70905 374941
135650 PUSH 17990 967498
132644 PUSH 78657 464276
794420 POP 56162 260399
385833 PUSH 22967 902968
439087 POP 65337 984387
138156 PUSH 26592 154087
742288 POP 37337 551614
830848 POP 15922 721331
304651 PUSH 57864 818326
959991 POP 48441 94949
62853 PUSH 66516 138619
271514 PUSH 55760 43392
967906 POP 63499 283278
418077 PUSH 84207 110850
749956 POP 66184 272896
932375 POP 66625 504856
726752 PUSH 42410 897455
429488 POP 57496 72847
260687 POP 5968 457566
407596 POP 61101 478237
688759 POP 65705 306990
224064 PUSH 15774 334120
237890 POP 78299 643576
509888 POP 91990 436777
831587 PUSH 94921 590841
569349 POP 90736 221875
693095 PUSH 4671 10602
123271 POP 37282 416258
293793 POP 89519 176397
168612 POP 15531 481643
979012 PUSH 54158 978102
588788 PUSH 75518 871100
213286 PUSH 36215 184334
924305 PUSH 49998 682443
601616 POP 187 470081
836543 POP 25888 339294
227191 PUSH 18365 529144
898538 POP 72558 642513
548084 PUSH 88930 935967
276647 PUSH 41292 695073
257619 POP 40826 562883
470081 POP 88158 669204
754433 PUSH 38494 175506
954592 POP 23451 292412
317741 POP 52024 435101
580018 PUSH 8370 552755
757504 PUSH 1555 207802
778594 POP 64712 990894
709938 PUSH 52420 254321
571724 PUSH 81573 547206
260462 PUSH 94464 646089
564287 POP 38123 730019
855677 PUSH 57752 528046
756510 POP 6916 157744
987295 POP 6916 20528
375536 POP 60114 679964
903571 PUSH 24968 859229
984387 POP 4671 565606
235962 POP 3715 295600
90117 POP 80711 359937
868272 PUSH 16244 41547
818460 PUSH 9484 137524
294641 POP 9484 552770
936166 PUSH 85027 421798
971355 PUSH 40383 962339
547206 PUSH 63145 734650
813803 PUSH 2981 415195
809896 POP 77082 34425
264268 PUSH 58177 804752
390877 PUSH 93356 86743
855126 PUSH 15417 637388
962339 PUSH 45699 590522
831896 POP 36228 490563
586225 POP 38494 623331
996057 PUSH 56437 986926
458990 POP 78309 58552
176210 POP 21798 378630
450727 POP 62056 961749
643141 POP 93746 550317
341571 POP 84374 566366
296599 PUSH 67109 190400
495301 POP 58609 241295
462383 PUSH 45431 624141
321584 POP 20563 427320
391904 PUSH 52024 900579
755090 POP 42997 746527
755062 POP 41292 450727
561317 PUSH 20878 685106
300266 PUSH 50935 156257
456487 PUSH 80711 357902
517281 POP 36089 767354
228841 PUSH 2298 603084
771616 POP 14203 120336
200598 POP 63183 13194
429978 POP 1555 998556
642513 POP 5968 428179
464276 PUSH 10080 520949
274190 POP 19164 952994
615171 PUSH 74552 666500
790257 PUSH 66905 906045
581897 PUSH 69019 323523
679650 PUSH 46849 528649
882172 PUSH 73982 595507
566366 POP 10080 274277
348677 POP 21062 229541
961400 POP 23619 194999
599804 PUSH 15685 245161
664936 POP 71965 317216
27624 PUSH 34029 572051
889385 PUSH 5760 780153
644308 POP 65695 469644
566036 PUSH 9292 747263
890247 POP 50935 375759
433514 PUSH 74553 144953
260021 POP 9292 921559
669204 POP 40826 762141
51232 PUSH 23451 831587
178154 PUSH 21426 566036
428095 PUSH 25805 437952
717310 PUSH 62129 304651
767176 PUSH 93356 483719
433005 POP 48545 652842
179173 PUSH 62129 419754
720965 POP 81573 874545
829590 POP 63519 482951
583974 PUSH 68729 482836
241946 POP 18277 399231
20024 PUSH 35676 25442
895758 POP 57864 293441
290308 PUSH 48718 560562
888301 POP 34509 176210
865908 PUSH 35757 57258
95562 PUSH 21426 311385
482688 POP 32386 379390
705424 POP 8370 512549
144500 POP 73190 282880
551614 POP 77417 299194
558424 POP 46849 750791
549537 POP 27320 519745
707379 POP 13571 829590
281618 PUSH 42263 893237
760596 PUSH 8938 276647
331843 PUSH 23130 77652
509179 PUSH 187 889473
699334 PUSH 29742 470560
299194 POP 23130 389044
804225 POP 1629 960318
616594 PUSH 65695 569838
945217 PUSH 56437 86993
501729 PUSH 80717 227191
290933 PUSH 38238 780981
560562 PUSH 43019 528678
512967 PUSH 56162 501729
447408 POP 3715 930537
43003 POP 10080 66628
194930 POP 22658 666484
960087 PUSH 52024 615171
292412 POP 70306 322650
344731 PUSH 41885 249747
27318 PUSH 15685 990695
369908 PUSH 15531 358245
666484 POP 90736 266292
314588 PUSH 63519 192964
250370 POP 3852 932014
973229 POP 8370 221814
12307 PUSH 99163 560550
105190 PUSH 10819 698460
223940 POP 62056 648095
423889 POP 58609 8876
912322 PUSH 88571 693833
393735 POP 26368 237890
84059 POP 7870 321584
603084 PUSH 88930 161548
921559 POP 40416 890247
574819 PUSH 67109 401111
220230 POP 94921 954592
175506 PUSH 25291 242723
724922 POP 42263 8091
289603 POP 89519 275514
365881 PUSH 84374 223831
577474 POP 35757 421772
469663 PUSH 60840 339501
932062 PUSH 14332 73140
113697 POP 81573 733725
157349 PUSH 84207 369748
91883 PUSH 63519 924305
831563 PUSH 10819 343380
736683 POP 4671 261907
792397 PUSH 78657 140484
178157 PUSH 4671 390824
940069 POP 4003 840583
554068 POP 35646 666981
250726 POP 78309 742288
912005 PUSH 69257 964769
474928 POP 47423 116006
766907 POP 25805 932375
868197 PUSH 64728 296599
604812 POP 79127 350473
494188 POP 1004 959399
981214 PUSH 63183 383099
161548 PUSH 52233 512967
249747 PUSH 37566 931629
293441 POP 73592 884824
484219 POP 93356 135523
448305 POP 32386 213832
51680 POP 40071 396763
339501 PUSH 23619 588788
737708 PUSH 30717 887894
780981 PUSH 75269 446676
73140 PUSH 33670 917560
835391 PUSH 35757 664744
867625 POP 40162 375536
897558 POP 99163 250370
883730 POP 36089 778825
220328 POP 38963 269292
317216 POP 80711 729013
116006 POP 35676 123271
511629 PUSH 15417 13743
694233 POP 47850 617642
961749 POP 60840 33992
118131 PUSH 86774 716410
504052 PUSH 63345 792979
904314 POP 1004 766907
813535 PUSH 77082 440571
639822 PUSH 55482 246205
111388 POP 38238 380223
77652 PUSH 77417 211560
565606 POP 55156 482688
527580 POP 1441 963536
482836 POP 68729 149599
902968 PUSH 1555 690223
778825 POP 14332 395330
312058 PUSH 2617 855126
216867 PUSH 19164 264268
362168 PUSH 6747 756662
657167 POP 62401 559999
443376 POP 48441 997846
243278 POP 57373 222589
401111 PUSH 64728 759479
241295 POP 87473 598744
818326 PUSH 73592 224064
924161 PUSH 78299 358543
595260 POP 52420 95580
545695 POP 55477 362719
213585 POP 9484 707204
682443 PUSH 68082 871736
960318 POP 55760 771616
965292 PUSH 36215 512378
932982 PUSH 45178 26524
736928 PUSH 35676 998522
432500 PUSH 93842 569524
985361 POP 46961 51680
528649 PUSH 19999 544446
198825 PUSH 4003 936166
437952 PUSH 1004 787553
378693 POP 74553 842322
986261 POP 54158 804225
734650 PUSH 21357 429201
894274 PUSH 23619 610133
659597 POP 6747 34226
481583 PUSH 5968 673693
680711 PUSH 27320 168287
672377 PUSH 46264 973584
375759 POP 55482 433005
799668 POP 68082 260687
591628 POP 10517 289603
245638 POP 78657 43003
41547 PUSH 36089 932062
86743 PUSH 97461 891533
732852 POP 24968 234952
756662 PUSH 85027 368708
302907 POP 78611 526652
990894 POP 41092 631584
550317 POP 20563 425368
137524 PUSH 45178 222029
222589 POP 35757 179527
370319 POP 24281 635625
223551 PUSH 78309 960455
380223 POP 33434 222367
328562 PUSH 66905 799634
552656 POP 52024 762908
196491 PUSH 56162 980084
954567 PUSH 63183 817572
223831 PUSH 10080 792397
645788 PUSH 14025 599804
428179 POP 68082 238079
188226 PUSH 18277 208107
406647 POP 10436 186124
556770 PUSH 35646 312058
511337 POP 97461 484219
358543 PUSH 26368 761145
66555 PUSH 40071 500829
342538 PUSH 85582 539240
567299 POP 17990 319407
453302 POP 66905 206751
262162 POP 54158 545695
8091 POP 43838 809896
941504 PUSH 78760 855711
221814 POP 91564 615222
377671 PUSH 34305 239055
89613 POP 40416 497745
13194 POP 54411 904314
868273 POP 3329 562290
520949 PUSH 84374 754433
864137 PUSH 5322 825048
216179 POP 42410 688660
488860 PUSH 49998 314588
839744 POP 87018 589203
3781 PUSH 29742 726006
559999 POP 46849 2623
761145 PUSH 51692 54457
382148 POP 64712 831896
66628 POP 84374 586225
654031 POP 78870 410100
383099 PUSH 93013 973627
972044 PUSH 63499 371773
818159 PUSH 83564 598149
543273 PUSH 94586 74871
797735 POP 21485 394222
968081 POP 55611 664282
110569 POP 52233 186094
363047 PUSH 30717 481393
816724 POP 74553 166070
552146 POP 29742 706194
34226 POP 94914 694788
623331 POP 25291 830848
920726 PUSH 60583 138156
965487 PUSH 80717 196491
238079 POP 49998 998731
672902 PUSH 75518 894274
247104 POP 37337 458990
860471 POP 75518 961400
250050 PUSH 73190 999878
192964 PUSH 13571 695227
721369 POP 62129 895758
261907 POP 65337 780766
773297 POP 51692 393735
572051 PUSH 72558 481583
76040 POP 87392 863149
393824 POP 25888 202712
517435 PUSH 13571 91883
974956 POP 83329 480495
469644 POP 92478 293793
479898 POP 77417 247104
866232 PUSH 94914 811942
164898 POP 46206 362287
666981 POP 2617 735743
172075 PUSH 34029 903571
37097 PUSH 3852 956174
208107 PUSH 21932 319832
402417 POP 25033 453302
871736 PUSH 5968 197909
534105 POP 52233 794420
991785 POP 27320 940069
188430 POP 18365 193407
978732 PUSH 3329 58486
206372 PUSH 49662 385833
826843 POP 11489 588447
869485 PUSH 16543 294801
688660 POP 90999 90117
454876 PUSH 80860 912005
52050 POP 24281 246303
637388 PUSH 7870 968462
690223 PUSH 41061 678795
630903 POP 87392 134466
780153 PUSH 41061 757504
779562 PUSH 62401 760596
58552 POP 46478 954187
429201 PUSH 95782 53368
466993 PUSH 75269 720893
671586 POP 1555 987803
615222 POP 37566 145995
748562 PUSH 46264 206372
283278 POP 49942 271158
357693 POP 17990 811977
164788 POP 65705 474928
933858 PUSH 25888 228841
470675 PUSH 10517 158930
294801 PUSH 2224 540244
180487 POP 36215 285002
251891 PUSH 33434 882172
946975 PUSH 3757 984658
803131 POP 63499 923917
14367 POP 63145 720965
363421 POP 8938 755062
254321 PUSH 53036 466387
336828 PUSH 62056 424336
708392 PUSH 47423 20024
498382 PUSH 65705 708392
183520 PUSH 63145 262674
432681 PUSH 71965 511014
590522 PUSH 40077 813803
39493 PUSH 46206 492846
240954 PUSH 38494 365881
840583 POP 85027 659597
999358 PUSH 95782 148320
998731 POP 63519 782899
416258 POP 15867 439087
158853 POP 32477 248616
673693 PUSH 68082 488860
694480 POP 56162 110569
458417 PUSH 48545 176773
339294 POP 2298 314466
685106 PUSH 39383 971355
358245 PUSH 3757 762727
485440 POP 51692 336440
74871 PUSH 82446 933858
569103 PUSH 94464 978732
44972 POP 15484 967906
52470 POP 41061 429978
762727 PUSH 91990 132644
222367 POP 73982 699057
13743 PUSH 2617 548335
635929 PUSH 9292 95562
410100 POP 56437 448305
303081 PUSH 46849 779562
557780 POP 50935 89613
220922 PUSH 1629 558461
391034 PUSH 57373 865908
973584 PUSH 10436 157349
6131 PUSH 15922 852234
202712 POP 82446 619245
272436 PUSH 37282 736928
697699 PUSH 65337 178157
750791 POP 62401 363421
350473 POP 15531 411945
889473 PUSH 88158 959426
548335 PUSH 35646 668384
776110 POP 77655 707379
765777 POP 45419 604116
209161 POP 78760 601616
853561 POP 2298 393824
45078 PUSH 54504 347683
668384 PUSH 23792 105190
99546 PUSH 60059 713910
314466 POP 88930 534105
445394 PUSH 92478 914487
463584 POP 55402 941182
347683 PUSH 74553 818159
466123 PUSH 3715 235962
726006 PUSH 93746 597903
998522 PUSH 47423 110914
266292 POP 14025 997371
569524 PUSH 38963 651090
23032 POP 5322 711804
716410 PUSH 17030 377671
44310 PUSH 53036 831446
695227 PUSH 77655 547404
51108 PUSH 79949 47826
581813 POP 11489 274190
176397 POP 10517 402417
490563 POP 93356 11990
695073 PUSH 62056 469663
997371 POP 15685 912084
328397 PUSH 21485 818871
282880 POP 92069 190433
16283 POP 91564 705424
436437 POP 66625 755890
146818 PUSH 60114 137493
832459 POP 10436 602176
76251 POP 13603 257619
138619 PUSH 66700 869485
627397 POP 37282 973318
121984 PUSH 38123 868272
421772 POP 57373 618649
63063 PUSH 77082 768181
260399 POP 80717 165256
552755 PUSH 97522 143553
481393 PUSH 21062 198474
859533 PUSH 24281 344731
49218 PUSH 37337 944440
288206 PUSH 25805 183403
186124 POP 46264 705304
590841 PUSH 23451 768527
127919 POP 55482 557780
168287 PUSH 21932 692373
730019 POP 16244 883730
414521 POP 37566 16283
389044 POP 76770 892491
721331 POP 94586 392020
144953 PUSH 54504 281618
279442 PUSH 15383 652934
512549 POP 97522 535735
143553 PUSH 48545 639822
26524 PUSH 9484 912540
130852 PUSH 74552 391904
33992 POP 23619 898629
711091 PUSH 77593 960087
569838 PUSH 92478 221675
194999 POP 60840 223940
4112 POP 67109 968081
762141 POP 13603 776110
137340 PUSH 85582 888083
125512 PUSH 94914 362168
63304 POP 78870 839744
652842 POP 97522 973229
385803 PUSH 90736 645788
429192 POP 47382 664936
2623 POP 19999 536702
646089 PUSH 47382 432681
181124 PUSH 64712 350267
747401 PUSH 3329 260462
949981 PUSH 45419 260692
535735 POP 48545 127919
471869 PUSH 73592 11050
419754 PUSH 83329 106707
156508 POP 85582 158853
11050 PUSH 57864 179173
473544 PUSH 49662 672377
787530 PUSH 73190 504100
726968 POP 73190 646037
849675 POP 8627 370319
274249 POP 99163 573954
888083 PUSH 58081 933465
476291 POP 94914 840577
597903 PUSH 20563 987500
408 PUSH 25888 543510
396763 POP 93013 200598
440571 PUSH 14203 561450
666500 PUSH 55402 351046
528970 PUSH 37566 230661
794170 POP 3329 187022
618537 PUSH 75074 132657
20528 POP 95782 519221
239055 PUSH 54246 279442
959426 PUSH 40826 871018
124614 PUSH 88158 311711
617642 POP 36215 106681
57258 PUSH 27431 611395
543510 PUSH 82446 681440
595110 PUSH 19999 303081
917560 PUSH 66184 688595
688595 PUSH 41092 181124
504100 PUSH 52687 864137
693833 POP 88571 523985
900579 PUSH 77593 39493
351046 PUSH 26592 675937
972369 POP 25033 591628
125162 PUSH 90736 991024
945705 POP 72695 579270
394222 POP 73982 133142
960455 PUSH 46478 831563
872205 PUSH 32386 996057
999878 PUSH 92069 595110
221875 POP 22658 337761
395474 PUSH 69592 971482
579355 POP 65262 190056
34800 PUSH 33670 919712
212702 PUSH 15774 471869
378630 POP 66905 972369
798381 POP 94464 868273
259083 POP 46264 832459
490320 PUSH 1441 616594
811977 POP 27431 577474
371773 PUSH 49942 212702
914968 PUSH 57496 131142
720893 PUSH 38238 251891
344775 POP 40162 564287
891533 PUSH 15484 972044
24557 POP 88571 90318
279959 PUSH 32477 137340
61994 POP 79949 209161
190433 POP 19999 558424
311711 PUSH 187 941504
323523 PUSH 13835 980327
836616 POP 26592 463584
959399 POP 54411 817329
470560 PUSH 61101 672902
155698 POP 85027 182538
336440 POP 73611 604812
893237 PUSH 43838 813535
681440 PUSH 94586 6131
872897 POP 15922 856996
767354 POP 16244 370106
379390 POP 56437 63304
706194 POP 61101 860471
694788 POP 58771 260154
153248 PUSH 52687 250050
436777 POP 3757 168612
713910 PUSH 19960 485142
214124 POP 77655 76251
970386 PUSH 91922 781110
274277 POP 78657 509888
991024 PUSH 22658 178154
346368 PUSH 63499 777648
306006 PUSH 33434 290933
588447 POP 58081 156508
600002 PUSH 87473 897683
912540 PUSH 33648 27318
662570 POP 43838 497135
493259 PUSH 8370 983605
520037 PUSH 51692 316997
893567 POP 85582 641814
47826 PUSH 78760 509179
236837 PUSH 40162 403294
386241 PUSH 58081 342538
540244 PUSH 84405 65348
134466 POP 84207 406647
670013 POP 62129 974956
799332 PUSH 93746 699334
107881 PUSH 15867 272436
10602 PUSH 65337 107881
466387 PUSH 66625 428095
678795 PUSH 5760 62930
539240 PUSH 32477 914968
392757 POP 60114 344775
221675 PUSH 89519 193169
519221 POP 21357 14367
968462 PUSH 20563 799332
211560 PUSH 37337 223551
641814 POP 58081 581813
558461 PUSH 54158 951695
610133 PUSH 60840 336828
411945 POP 3757 741270
424336 PUSH 41292 32980
334740 POP 14025 569349
166070 POP 83564 228233
576565 POP 52420 734079
190079 PUSH 87018 868197
319832 PUSH 27320 198825
234952 POP 83564 378693
190056 POP 1441 644308
32980 PUSH 8938 892327
53368 PUSH 6916 606160
246303 POP 8627 429488
543764 POP 38315 889484
245161 PUSH 33648 818460
353439 POP 26368 485440
887894 PUSH 87392 418077
664282 POP 67109 109861
158930 PUSH 89519 445394
652934 PUSH 47800 99546
275514 POP 92478 737210
314636 POP 18277 178549
329625 POP 21357 331762
133142 POP 33434 466217
519745 POP 21932 241946
380353 POP 23451 220230
445616 PUSH 97461 767176
390824 PUSH 55156 872205
562883 POP 88158 92432
262674 PUSH 81573 241610
944440 PUSH 77417 305530
664744 PUSH 57373 524177
120336 POP 77082 662570
369748 PUSH 87392 363047
149599 POP 78299 353439
715271 PUSH 79127 263814
718890 POP 73592 458011
641218 POP 55760 756850
536702 POP 92069 726968
817572 PUSH 54411 474460
105791 POP 87018 654031
602176 POP 84207 76040
178632 PUSH 16556 631251
362719 POP 4454 794170
236515 PUSH 25033 790257
425368 POP 7870 12701
184334 PUSH 6355 391034
197909 PUSH 72558 172075
711804 POP 52687 144500
401203 PUSH 46961 889385
808379 POP 54504 816724
665365 PUSH 46206 711091
109861 POP 64728 105791
207802 PUSH 22967 473544
334472 POP 23792 554068
852224 PUSH 11489 386241
547404 PUSH 13603 210640
914487 PUSH 65695 633336
363492 PUSH 40416 635929
536183 PUSH 55156 693095
508568 PUSH 79127 369908
373477 PUSH 57496 279959
430726 POP 93842 765777
330082 PUSH 25527 912322
766139 PUSH 16244 518102
971482 PUSH 16790 441000
704272 PUSH 58776 63365
528046 PUSH 58609 600002
774456 POP 49662 259083
304074 PUSH 3715 920726
611395 PUSH 17990 514195
483719 PUSH 36228 727781
179527 POP 27431 567299
132657 PUSH 3959 395474
544351 PUSH 43222 118131
295600 POP 60583 836616
698460 PUSH 46478 618844
897683 PUSH 70306 51232
233519 POP 23792 935340
343380 PUSH 23792 556770
359937 POP 71965 372634
780766 POP 15867 627397
941182 POP 74552 552656
923917 POP 15484 511337
781795 POP 30717 630903
415195 PUSH 85640 970386
263814 PUSH 73611 520037
9816 POP 49942 803131
664683 POP 8938 657167
229541 POP 21062 781795
225968 PUSH 64575 704272
60063 PUSH 90090 665365
512378 PUSH 47850 516570
63365 PUSH 62408 982597
478237 POP 29742 643141
157744 POP 70905 402857
973627 PUSH 40071 401203
950896 POP 75269 888301
595507 PUSH 21485 77402
676362 PUSH 24281 362253
193407 POP 80717 694480
260692 PUSH 58771 125512
30352 POP 23130 479898
963536 POP 65262 61994
504630 POP 47423 688759
121534 POP 35646 233519
648095 POP 41292 664683
631584 POP 66184 402652
912084 POP 33648 213585
560567 PUSH 50072 704644
978102 PUSH 1629 271514
331762 POP 95782 756510
699057 POP 21485 899331
781110 PUSH 2093 618537
449592 PUSH 47850 213286
643576 POP 68729 560567
396531 PUSH 70905 884498
482951 POP 49998 799668
635625 POP 41885 414521
768181 PUSH 43838 371131
165256 POP 18365 216179
560550 PUSH 58177 13286
182538 POP 4003 549537
692373 PUSH 18277 314636
750523 POP 73611 773297
573954 POP 58177 799658
995458 POP 5760 985361
524177 PUSH 6355 965292
874545 POP 73439 113697
11990 POP 97461 44972
25442 PUSH 37282 265434
705304 POP 49662 44424
458011 POP 57864 670013
933465 PUSH 11489 216867
96371 PUSH 53358 437267
624986 PUSH 4454 747401
623054 PUSH 78299 583974
856996 POP 25291 802804
388408 PUSH 45419 432500
777648 PUSH 15484 445616
954187 POP 10819 334472
246205 PUSH 50935 363492
37962 PUSH 3852 12307
441000 PUSH 55461 462383
888854 POP 14332 517281
65348 PUSH 59390 454876
859229 PUSH 83564 433514
737210 POP 65695 527580
228233 POP 24968 939731
514195 PUSH 95303 498382
148320 PUSH 21357 183520
272896 POP 41092 382148
707204 POP 45178 24936
269292 POP 78611 945705
746527 POP 45178 294641
768527 PUSH 70306 369196
831446 PUSH 52420 60063
503716 PUSH 50072 450667
402857 POP 72695 302907
58486 PUSH 4454 730528
25654 PUSH 57752 106008
443938 PUSH 65262 51108
86993 PUSH 32386 536183
980084 PUSH 52233 548084
500829 PUSH 93013 954567
527800 PUSH 56821 328397
891870 POP 34029 732852
457566 POP 72558 891870
492846 PUSH 90090 709938
964769 PUSH 69659 504052
651090 PUSH 78611 43443
938850 PUSH 58772 225968
871100 PUSH 61101 3781
511014 PUSH 80711 334353
156257 PUSH 55482 458417
715458 POP 26592 248930
735743 POP 15417 84059
727781 PUSH 64712 493726
371131 PUSH 42263 45078
24936 POP 42997 23032
825048 PUSH 42997 932982
193169 PUSH 10517 236515
633336 PUSH 1441 443938
9858 POP 46206 28564
889484 POP 3852 274249
892491 POP 83329 721369
176773 PUSH 97522 493259
403294 PUSH 60114 527800
62930 PUSH 46961 66555
34425 POP 14203 641218
186094 POP 88930 853561
906045 PUSH 21798 161241
939731 POP 34029 898538
631251 PUSH 22426 544351
987803 POP 41061 995458
89780 POP 93842 220328
481643 POP 79127 750523
402652 POP 33670 888854
143693 POP 42410 188430
886343 PUSH 76770 802196
5594 PUSH 50908 938850
952994 POP 58177 897558
92432 POP 187 940310
12701 POP 15417 445156
242723 PUSH 15922 543273
131142 PUSH 8627 859533
72847 POP 32477 893567
421798 PUSH 6747 866232
710766 PUSH 78870 945217
395330 POP 33670 749956
802196 PUSH 83329 717310
437267 PUSH 33296 581897
205509 PUSH 67319 290308
932014 POP 38315 694233
95580 POP 53036 436437
523985 POP 25527 24557
516570 PUSH 38315 37962
526652 POP 38963 430726
892327 PUSH 62401 679650
931629 PUSH 91564 580018
919712 PUSH 14332 817824
983605 PUSH 91564 528970
817329 POP 63183 201736
624141 PUSH 37194 96371
562290 POP 4454 449906
609620 POP 34509 530183
530563 PUSH 66184 34800
241610 PUSH 73439 571724
956174 PUSH 38315 449592
759479 PUSH 87018 710766
497745 POP 9292 677552
337761 POP 21426 260021
178549 POP 21932 991785
248616 POP 57496 849675
935967 PUSH 2298 408
106681 POP 6355 243278
392020 POP 82446 836543
210640 PUSH 40826 124614
322650 POP 87473 423889
747263 PUSH 40416 300266
206751 POP 21798 609620
154087 PUSH 55402 130852
43443 PUSH 72695 396531
362287 POP 77593 317741
677552 POP 21426 194930
560926 POP 55402 715458
106008 PUSH 48441 503716
260154 POP 45419 89780
135991 POP 15685 334740
435101 POP 74552 560926
8876 POP 57752 959991
782899 POP 13571 214124
110914 PUSH 65705 38992
135523 POP 36228 778594
811942 PUSH 58771 388408
730528 PUSH 55477 979012
799634 PUSH 25033 470675
987500 PUSH 7870 511629
951695 PUSH 55477 624986
466217 POP 38238 950896
518102 PUSH 38123 236837
884824 POP 15774 9816
930537 PUSH 68729 924161
544446 PUSH 92069 787530
497135 POP 42263 808379
137493 PUSH 40162 121984
967498 PUSH 27431 835391
369196 PUSH 87473 874233
762908 POP 77593 9858
529144 PUSH 42410 962998
56136 PUSH 47382 569103
984658 PUSH 15531 715271
804752 PUSH 99163 37097
755890 POP 25805 494188
792979 PUSH 37452 561317
222029 PUSH 42997 817111
741270 POP 91990 245638
13286 PUSH 19164 852224
756850 POP 1629 262162
357902 PUSH 71965 56136
445156 POP 2617 121534
399231 PUSH 88571 330082
370106 POP 38123 867625
450667 POP 50072 443376
316997 PUSH 26368 623054
480495 POP 76770 30352
646037 POP 52687 72413
898629 POP 75518 407596
799658 POP 19164 826843
997846 POP 57752 495301
787553 PUSH 54411 981214
28564 POP 90090 595260
187022 POP 94464 429192
54457 PUSH 73611 508568
817824 PUSH 36089 766139
530183 POP 75269 111388
106707 PUSH 76770 331843
817111 PUSH 5322 153248
319407 POP 95303 164788
248930 POP 60583 447408
980327 PUSH 44056 205509
311385 PUSH 22658 385803
350267 PUSH 36228 390877
899331 POP 56821 392757
871018 PUSH 13603 764703
513457 POP 46478 250726
897455 PUSH 18365 965487
190400 PUSH 55611 574819
540248 PUSH 21798 328562
986926 PUSH 78870 190079
874233 PUSH 58609 25654
334353 PUSH 90999 726752
161241 PUSH 34509 466993
305530 PUSH 23130 886343
145995 POP 41885 52050
285002 POP 47850 543764
141245 POP 5760 52470
598744 POP 70306 380353
863149 POP 30717 348677
704644 PUSH 48441 855677
65695 POP 40071 847088
449906 POP 55477 986261
313585 POP 79949 579355
44424 POP 22967 671586
43392 PUSH 14203 63063
230661 PUSH 41885 676362
579270 POP 70905 987295
675937 PUSH 60583 466123
504856 POP 53036 576565
589203 POP 64728 4112
485142 PUSH 66327 5594
372634 POP 47382 798381
877435 PUSH 65262 490320
201736 POP 93013 65695
493726 PUSH 41092 530563
852234 PUSH 25291 240954
552770 POP 33648 135991
271158 POP 15774 718890
198474 PUSH 21062 737708
561450 PUSH 55760 220922
940310 POP 78760 313585
802804 POP 38494 341571
884498 PUSH 6916 999358
362253 PUSH 8627 373477
374941 PUSH 72695 250208
973318 POP 35676 504630
840577 POP 6747 155698
183403 PUSH 66625 44310
90318 PUSH 38938 178632
618649 POP 6355 180487
990695 PUSH 14025 125162
77402 PUSH 56821 146818
998556 POP 22967 774456
982597 PUSH 85792 62853
847088 POP 46961 141245
528678 PUSH 96616 546495
842322 POP 54504 724922
598149 PUSH 24968 27624
