100
535914 PUSH 22687 762845
766638 PUSH 46350 532157
954083 PUSH 45341 650240
36221 PUSH 15056 973250
413437 PUSH 8429 794717
500086 PUSH 61993 296980
249521 POP 15242 710752
630321 PUSH 64613 122561
224352 PUSH 21918 852319
579118 PUSH 21560 471882
57643 PUSH 3973 535914
334247 PUSH 16418 465773
725391 PUSH 4658 8395
964070 PUSH 51127 196124
973250 PUSH 32185 973609
148394 PUSH 49890 243389
794717 POP 8429 78686
959989 POP 49280 489406
24027 POP 24060 697133
9499 POP 28777 899085
272036 PUSH 26297 593478
363659 PUSH 38857 216548
196124 POP 51127 630321
812323 POP 91363 363659
334908 PUSH 86395 804577
244995 PUSH 94174 500086
512428 POP 86745 910825
593478 PUSH 15543 27101
852319 POP 21918 431302
207873 POP 53050 46131
995719 POP 53430 229461
673100 POP 57149 51567
892269 PUSH 82061 620158
122561 PUSH 6531 665983
689646 PUSH 95294 334247
940460 POP 61187 834712
262448 PUSH 61187 940460
659047 POP 31520 224352
190761 POP 4658 587728
752533 PUSH 72603 989686
78686 POP 52947 384616
989686 POP 72603 734259
229461 POP 15543 963075
910825 PUSH 24060 57643
324782 PUSH 28777 9499
697133 POP 91446 36221
665983 PUSH 46953 272036
164720 POP 67107 867955
397478 POP 93628 15610
296980 PUSH 59916 101965
305017 POP 52251 952125
508274 POP 52282 59810
973609 POP 32185 689646
738239 POP 3973 729201
431302 PUSH 94058 289547
573928 POP 14927 752533
804577 PUSH 49280 959989
532157 POP 46350 738239
51567 PUSH 40382 689428
59810 PUSH 56388 324782
734259 PUSH 1951 426923
963075 PUSH 15284 161903
471882 PUSH 15242 249521
587728 PUSH 57149 673100
15610 PUSH 48015 115854
620158 POP 82061 725391
216548 PUSH 88699 5557
710752 POP 21560 190761
899085 POP 56388 703399
650240 PUSH 93628 397478
179665 PUSH 53050 207873
952125 PUSH 56469 735998
703399 PUSH 47896 787370
762845 POP 22687 855213
812125 POP 38857 413437
112445 PUSH 52251 305017
101965 PUSH 43513 954083
465773 PUSH 64424 148394
779862 POP 34903 766638
689428 POP 40382 659047
655513 PUSH 86745 512428
729201 PUSH 52282 508274
46131 PUSH 91446 655513
489406 PUSH 67107 164720
8395 PUSH 28563 249817
161903 PUSH 52947 334908
5557 POP 88699 812125
27101 PUSH 53430 995719
867955 POP 86395 328877
384616 PUSH 14927 573928
185742 PUSH 31520 892269
243389 POP 49890 244995
328877 PUSH 91363 812323
834712 POP 26990 112445
426923 PUSH 26990 262448
249817 POP 28563 579118
855213 PUSH 34903 779862
735998 PUSH 380 179665
289547 POP 94058 964070
787370 POP 47896 24027
